0 0.21386718741976896 0.4750335837104072 0.22851562516046214 0.44921654072398187 0.22460937483953786 0.4423319954751131 0.22460937483953786 0.42512063461538463 0.21972656225930678 0.42339949773755653 0.21386718741976896 0.40618813574660634 0.21191406225930678 0.4096304083710407 0.20410156225930678 0.40618813574660634 0.18261718741976896 0.4096304083710407 0.18164062516046214 0.42856290610859726 0.18554687483953786 0.45954335746606334 0.19140625032092426 0.4664279027149321 0.19238281258023104 0.4750335837104072 0.19628906225930678 0.4715913110859729 0.203125 0.480196992081448 0.20605468741976896 0.4750335837104072 0.21386718741976896 0.4750335837104072
0 0.26367187483953786 0.39414018325791855 0.265625 0.3872556380090498 0.26367187483953786 0.36315973190045253 0.2587890622593068 0.36143859615384616 0.25488281258023104 0.34766950678733033 0.22363281258023104 0.3442272341628959 0.22265625032092426 0.3906979106334842 0.23144531258023104 0.4130726809954751 0.23730468741976896 0.4096304083710407 0.2421875 0.41823608936651585 0.24902343774069322 0.41651495361990953 0.26367187483953786 0.39414018325791855
0 0.29394531258023104 0.3442272341628959 0.296875 0.3321792805429864 0.3046875 0.32529473642533935 0.30664062516046214 0.31841019117647057 0.3046875 0.2943142850678733 0.29882812516046214 0.2874297409502263 0.2978515622593068 0.2788240599547511 0.27832031258023104 0.27193951470588235 0.26855468741976896 0.2581704253393665 0.265625 0.30808337443438916 0.26367187483953786 0.3115256470588235 0.2724609377406932 0.3407849615384615 0.27832031258023104 0.33734269004524886 0.2822265622593068 0.34766950678733033 0.2851562503209243 0.34594836990950223 0.2880859377406932 0.33734269004524886 0.29394531258023104 0.3442272341628959
0 0.3349609377406932 0.2788240599547511 0.3398437496790757 0.2667761063348416 0.3378906251604621 0.24612247285067876 0.3320312503209243 0.23923792760180995 0.3291015622593068 0.22718997511312217 0.3212890622593068 0.22718997511312217 0.29980468741976896 0.20997861312217195 0.29882812516046214 0.2667761063348416 0.3007812503209243 0.2771029230769231 0.30761718741976896 0.2891508766968326 0.3134765622593068 0.2891508766968326 0.31542968741976896 0.29603542081447964 0.3212890622593068 0.2891508766968326 0.32617187483953786 0.2943142850678733 0.3300781251604621 0.28054519570135744 0.3349609377406932 0.2788240599547511
0 0.3583984377406932 0.2547281538461538 0.3642578125802311 0.2409590633484163 0.3691406251604621 0.23923792760180995 0.3710937496790757 0.21169974886877826 0.3632812503209243 0.20137293212669685 0.3603515622593068 0.18932497850678734 0.3544921874197689 0.18932497850678734 0.3466796874197689 0.17899816176470587 0.3388671874197689 0.17555588914027148 0.3320312503209243 0.20137293212669685 0.3300781251604621 0.2254688382352941 0.3339843748395379 0.23923792760180995 0.3496093748395379 0.25989156221719456 0.3525390622593068 0.2547281538461538 0.3583984377406932 0.2547281538461538
0 0.3896484377406932 0.18244043438914026 0.3935546874197689 0.18244043438914026 0.3964843748395379 0.16695020814479636 0.3945312503209243 0.1497388472850679 0.3837890622593068 0.1308063484162896 0.3798828125802311 0.1308063484162896 0.3720703125802311 0.11703726018099547 0.3662109377406932 0.11359498755656108 0.3613281251604621 0.12908521266968326 0.3574218748395379 0.13252748529411765 0.3554687496790757 0.17039248076923075 0.3642578125802311 0.19276725113122173 0.3701171874197689 0.19276725113122173 0.3720703125802311 0.1996517963800905 0.375 0.19793065950226243 0.3837890622593068 0.19620952375565612 0.3896484377406932 0.18244043438914026
0 0.4150390622593068 0.14113316628959277 0.4208984377406932 0.1273640769230769 0.4277343748395379 0.12220066855203619 0.4277343748395379 0.0981047613122172 0.4072265622593068 0.058518630090497736 0.3994140622593068 0.05507635746606335 0.3964843748395379 0.07400885520361991 0.390625 0.08433567194570137 0.390625 0.10154703393665158 0.3867187496790757 0.10843157918552036 0.3945312503209243 0.12908521266968326 0.3945312503209243 0.13596975791855204 0.3994140622593068 0.13769089366515838 0.4013671874197689 0.134248621040724 0.40625 0.1428543020361991 0.4111328125802311 0.13769089366515838 0.4150390622593068 0.14113316628959277
0 0.4326171874197689 0 0.4296875 0.015490225113122171 0.421875 0.0327015871040724 0.4199218748395379 0.04991294909502263 0.421875 0.07056658257918552 0.4287109377406932 0.08261453619909502 0.4472656251604621 0.08433567194570137 0.4521484377406932 0.07228771945701358 0.4589843748395379 0.06712431108597285 0.4589843748395379 0.04302840384615385 0.4384765622593068 0 0.4326171874197689 0
0 0.26074218741976896 0.5886285701357467 0.27539062516046214 0.5593692556561086 0.2734375 0.5352733495475114 0.26757812516046214 0.5283888042986425 0.2646484377406932 0.516340850678733 0.24511718741976896 0.516340850678733 0.23242187483953786 0.531831076923077 0.23242187483953786 0.5662537997737557 0.24121093774069322 0.585186298642534 0.25195312516046214 0.5903497070135747 0.25488281258023104 0.585186298642534 0.26074218741976896 0.5886285701357467
0 0.2900390622593068 0.5301099411764706 0.29394531258023104 0.5266676685520363 0.3085937496790757 0.5008506255656109 0.30664062516046214 0.4905238088235294 0.3085937496790757 0.47675471945701353 0.30175781258023104 0.4715913110859729 0.2978515622593068 0.457822221719457 0.29199218741976896 0.46126449321266966 0.27636718741976896 0.457822221719457 0.26757812516046214 0.4698701742081448 0.265625 0.480196992081448 0.26757812516046214 0.5111774423076922 0.27636718741976896 0.5266676685520363 0.2802734377406932 0.5232253959276018 0.2851562503209243 0.531831076923077 0.2880859377406932 0.5266676685520363 0.2900390622593068 0.5301099411764706
0 0.32519531258023104 0.4715913110859729 0.3330078125802311 0.4543799490950226 0.3369140622593068 0.4543799490950226 0.3398437496790757 0.43544745135746604 0.3378906251604621 0.41823608936651585 0.3330078125802311 0.41651495361990953 0.3291015622593068 0.4027458642533937 0.30957031258023104 0.3993035916289593 0.3037109377406932 0.4027458642533937 0.29882812516046214 0.41479381674208143 0.296875 0.43888972398190046 0.29882812516046214 0.4526588133484163 0.30761718741976896 0.46814903846153844 0.3115234377406932 0.464706765837104 0.3164062503209243 0.4733124468325792 0.3212890622593068 0.46814903846153844 0.32519531258023104 0.4715913110859729
0 0.3623046874197689 0.4199572262443439 0.3681640622593068 0.40618813574660634 0.3730468748395379 0.404467 0.3769531251604621 0.39414018325791855 0.375 0.37004427714932125 0.3623046874197689 0.35111177828054296 0.3447265622593068 0.34766950678733033 0.3359375 0.36660200452488684 0.3339843748395379 0.3906979106334842 0.3427734377406932 0.41651495361990953 0.3486328125802311 0.41651495361990953 0.3525390622593068 0.42339949773755653 0.3554687496790757 0.4216783619909502 0.3583984377406932 0.41651495361990953 0.3623046874197689 0.4199572262443439
0 0.3994140622593068 0.36143859615384616 0.4023437496790757 0.34939064253393665 0.4101562503209243 0.3425060984162896 0.4121093748395379 0.32873700904977377 0.4101562503209243 0.31496791968325794 0.4042968748395379 0.30808337443438916 0.4013671874197689 0.29603542081447964 0.3798828125802311 0.2891508766968326 0.3710937496790757 0.3115256470588235 0.3691406251604621 0.3321792805429864 0.3730468748395379 0.34594836990950223 0.3769531251604621 0.34939064253393665 0.3779296874197689 0.35799632352941174 0.3837890622593068 0.35799632352941174 0.3876953125802311 0.36832314027149315 0.390625 0.36660200452488684 0.3935546874197689 0.36143859615384616 0.3994140622593068 0.36143859615384616
0 0.4326171874197689 0.29603542081447964 0.4355468748395379 0.28398746832579186 0.4433593748395379 0.2771029230769231 0.4453125 0.2530070169683258 0.4365234377406932 0.23063224660633483 0.4228515622593068 0.216863157239819 0.4169921874197689 0.216863157239819 0.4082031251604621 0.2323533834841629 0.4042968748395379 0.2667761063348416 0.4121093748395379 0.28398746832579186 0.4130859377406932 0.292593149321267 0.4189453125802311 0.2891508766968326 0.4238281251604621 0.2977565576923077 0.4267578125802311 0.292593149321267 0.4326171874197689 0.29603542081447964
0 0.4658203125802311 0.23407451923076922 0.4697265622593068 0.23063224660633483 0.4707031251604621 0.2220265656108597 0.4755859377406932 0.2203054298642534 0.4804687496790757 0.21169974886877826 0.4804687496790757 0.19448838687782805 0.4785156251604621 0.18416157013574658 0.4697265622593068 0.16867134502262443 0.4599609377406932 0.1549022556561086 0.4541015622593068 0.1549022556561086 0.4511718748395379 0.16695020814479636 0.4414062503209243 0.18071929751131222 0.4394531251604621 0.20481520475113124 0.4482421874197689 0.23063224660633483 0.4541015622593068 0.23063224660633483 0.4560546874197689 0.2375167918552036 0.4609375 0.23579565497737556 0.4619140622593068 0.23063224660633483 0.4658203125802311 0.23407451923076922
0 0.4990234377406932 0.18244043438914026 0.504882812580231 0.16867134502262443 0.5117187496790757 0.16350793665158372 0.5117187496790757 0.1428543020361991 0.5 0.11187385067873304 0.4931640622593068 0.09982589819004525 0.4892578125802311 0.09982589819004525 0.4863281251604621 0.11187385067873304 0.4746093748395379 0.12908521266968326 0.4746093748395379 0.1428543020361991 0.4707031251604621 0.15318111877828053 0.4746093748395379 0.16006566402714933 0.4746093748395379 0.16695020814479636 0.4785156251604621 0.17039248076923075 0.4794921874197689 0.17899816176470587 0.4873046874197689 0.17899816176470587 0.4892578125802311 0.18588270588235295 0.4921875 0.18416157013574658 0.4951171874197689 0.17899816176470587 0.4990234377406932 0.18244043438914026
0 0.31542968741976896 0.6953390135746607 0.3203125 0.6867333325791856 0.3212890622593068 0.6781276515837104 0.328125 0.6764065147058823 0.328125 0.6695219705882354 0.3320312503209243 0.6626374253393665 0.3300781251604621 0.6385415192307692 0.32519531258023104 0.6368203834841628 0.3193359377406932 0.6196090214932126 0.3134765622593068 0.623051294117647 0.29980468741976896 0.6196090214932126 0.2929687496790757 0.6282147024886878 0.28710937483953786 0.645426064479638 0.2890625 0.6764065147058823 0.29492187483953786 0.6832910599547511 0.2958984377406932 0.6918967409502262 0.30175781258023104 0.6884544683257918 0.3056640622593068 0.6987812850678733 0.3085937496790757 0.697060149321267 0.30957031258023104 0.6918967409502262 0.31542968741976896 0.6953390135746607
0 0.3564453125802311 0.6264935656108597 0.359375 0.6144456131221719 0.3662109377406932 0.6092822047511312 0.3710937496790757 0.5972342511312216 0.3691406251604621 0.5696960723981901 0.3642578125802311 0.5679749366515837 0.3583984377406932 0.5542058472850679 0.3369140622593068 0.5542058472850679 0.328125 0.5731383450226244 0.32617187483953786 0.5903497070135747 0.3300781251604621 0.6075610678733031 0.3369140622593068 0.623051294117647 0.3476562503209243 0.6282147024886878 0.3505859377406932 0.623051294117647 0.3564453125802311 0.6264935656108597
0 0.4013671874197689 0.5576481199095022 0.4160156251604621 0.531831076923077 0.4140625 0.5042928981900452 0.4033203125802311 0.48536040045248874 0.3837890622593068 0.4888026719457014 0.375 0.5042928981900452 0.3730468748395379 0.5146197149321267 0.3730468748395379 0.5283888042986425 0.3808593748395379 0.5524847104072398 0.3876953125802311 0.5542058472850679 0.3916015622593068 0.5610903914027149 0.3945312503209243 0.5593692556561086 0.3974609377406932 0.5542058472850679 0.4013671874197689 0.5576481199095022
0 0.4433593748395379 0.4698701742081448 0.4501953125802311 0.464706765837104 0.4550781251604621 0.44921654072398187 0.4511718748395379 0.42856290610859726 0.4423828125802311 0.4130726809954751 0.4267578125802311 0.4096304083710407 0.4121093748395379 0.42856290610859726 0.4101562503209243 0.4457742680995475 0.4140625 0.4664279027149321 0.4208984377406932 0.4784758552036199 0.4267578125802311 0.4784758552036199 0.4287109377406932 0.48536040045248874 0.4335937496790757 0.48363926357466064 0.4404296874197689 0.4819181278280543 0.4433593748395379 0.4698701742081448
0 0.4931640622593068 0.4027458642533937 0.5009765622593068 0.38553450226244346 0.5058593748395379 0.38381336651583714 0.5078125 0.36315973190045253 0.4970703125802311 0.3339004174208145 0.4833984377406932 0.32701587217194567 0.4707031251604621 0.3390638257918552 0.4667968748395379 0.34939064253393665 0.4648437496790757 0.37004427714932125 0.4736328125802311 0.39586131900452487 0.4794921874197689 0.39586131900452487 0.4833984377406932 0.40618813574660634 0.4863281251604621 0.404467 0.4892578125802311 0.3993035916289593 0.4931640622593068 0.4027458642533937
0 0.5400390622593068 0.3339004174208145 0.5429687496790757 0.321852463800905 0.5478515622593068 0.32013132805429867 0.5527343748395379 0.30808337443438916 0.5488281251604621 0.28398746832579186 0.534179687419769 0.2581704253393665 0.5166015622593068 0.27193951470588235 0.5097656251604621 0.2977565576923077 0.5175781251604621 0.3321792805429864 0.5224609377406932 0.3339004174208145 0.5244140622593068 0.3304581447963801 0.528320312580231 0.3407849615384615 0.53125 0.3390638257918552 0.534179687419769 0.3339004174208145 0.5400390622593068 0.3339004174208145
0 0.5634765622593068 0.2891508766968326 0.5693359377406932 0.27538178733031676 0.5761718748395379 0.27021837895927603 0.5761718748395379 0.2495647443438914 0.5664062503209243 0.21858429411764707 0.559570312580231 0.20997861312217195 0.543945312580231 0.22374770248868778 0.5371093748395379 0.23579565497737556 0.5351562503209243 0.2530070169683258 0.5351562503209243 0.25989156221719456 0.5537109377406932 0.292593149321267 0.5566406251604621 0.2908720124434389 0.559570312580231 0.2857086040723982 0.5634765622593068 0.2891508766968326
0 0.3818359377406932 0.7813958212669684 0.3867187496790757 0.779674685520362 0.3886718748395379 0.7693478687782805 0.3867187496790757 0.7452519615384615 0.3886718748395379 0.7418096900452489 0.3818359377406932 0.7366462805429863 0.3759765622593068 0.7228771923076923 0.3701171874197689 0.7263194638009051 0.3583984377406932 0.7228771923076923 0.3457031251604621 0.7418096900452489 0.34375 0.7555787794117648 0.3457031251604621 0.7762324128959276 0.3544921874197689 0.7951649106334842 0.3603515622593068 0.7951649106334842 0.3623046874197689 0.8020494558823529 0.375 0.8003283190045248 0.3769531251604621 0.7900015022624434 0.3818359377406932 0.7813958212669684
0 0.4150390622593068 0.7366462805429863 0.4228515622593068 0.7194349196832579 0.4277343748395379 0.7177137828054299 0.4277343748395379 0.7108292386877828 0.4316406251604621 0.703944693438914 0.4296875 0.6798487873303167 0.4169921874197689 0.6574740169683259 0.4111328125802311 0.6643585622171946 0.4072265622593068 0.6574740169683259 0.3974609377406932 0.6609162895927602 0.3886718748395379 0.6764065147058823 0.3867187496790757 0.6901756040723982 0.3886718748395379 0.7142715113122172 0.3945312503209243 0.728040600678733 0.4082031251604621 0.7383674174208146 0.4111328125802311 0.7332040090497737 0.4150390622593068 0.7366462805429863
0 0.510742187419769 0.5645326640271493 0.5136718748395379 0.5524847104072398 0.520507812580231 0.5473213020361991 0.5234375 0.538715621040724 0.5214843748395379 0.5111774423076922 0.5087890622593068 0.49224494457013573 0.502929687419769 0.49568721719457015 0.4951171874197689 0.49224494457013573 0.4912109377406932 0.49912948981900457 0.4873046874197689 0.49912948981900457 0.4824218748395379 0.5077351708144796 0.4824218748395379 0.5180619875565611 0.4785156251604621 0.5283888042986425 0.4882812503209243 0.5593692556561086 0.4970703125802311 0.5610903914027149 0.4980468748395379 0.5696960723981901 0.5 0.5696960723981901 0.502929687419769 0.5645326640271493 0.510742187419769 0.5645326640271493
0 0.549804687419769 0.48536040045248874 0.5527343748395379 0.4733124468325792 0.557617187419769 0.4715913110859729 0.5625 0.4629856300904977 0.5625 0.4423319954751131 0.5546875 0.42856290610859726 0.5537109377406932 0.4199572262443439 0.536132812580231 0.4130726809954751 0.5214843748395379 0.4320051787330317 0.5195312503209243 0.4526588133484163 0.5234375 0.45954335746606334 0.5234375 0.4698701742081448 0.5273437496790757 0.4733124468325792 0.5273437496790757 0.480196992081448 0.536132812580231 0.4819181278280543 0.5410156251604621 0.4905238088235294 0.543945312580231 0.48536040045248874 0.549804687419769 0.48536040045248874
0 0.7226562503209242 0.6178878857466064 0.7246093748395378 0.6006765237556562 0.7207031251604622 0.5834651617647059 0.713867187419769 0.5714172081447964 0.6962890622593069 0.5645326640271493 0.6943359377406931 0.5714172081447964 0.6865234377406931 0.5714172081447964 0.6816406251604622 0.5800228891402714 0.6816406251604622 0.5937919785067873 0.6777343748395378 0.6006765237556562 0.6855468748395378 0.6178878857466064 0.6875 0.6316569751131221 0.7011718748395378 0.6419837918552037 0.7099609377406931 0.6402626561085973 0.7226562503209242 0.6178878857466064
0 0.7675781251604622 0.5662537997737557 0.7695312503209242 0.5559269830316742 0.7675781251604622 0.5283888042986425 0.7587890622593069 0.5197831233031673 0.7412109377406931 0.5128985791855204 0.739257812580231 0.5197831233031673 0.7304687496790758 0.5215042601809955 0.7265625 0.531831076923077 0.7285156251604622 0.538715621040724 0.7226562503209242 0.5490424389140272 0.7353515622593069 0.585186298642534 0.7412109377406931 0.585186298642534 0.745117187419769 0.592070842760181 0.7480468748395378 0.5903497070135747 0.754882812580231 0.5886285701357467 0.7675781251604622 0.5662537997737557
0 0.6894531251604622 0.4423319954751131 0.6894531251604622 0.4216783619909502 0.6855468748395378 0.404467 0.6806640622593069 0.39586131900452487 0.6630859377406931 0.39241904751131224 0.6484375 0.4113515452488688 0.6503906251604621 0.41823608936651585 0.6464843748395379 0.42512063461538463 0.6464843748395379 0.4320051787330317 0.6572265622593068 0.46126449321266966 0.6630859377406931 0.46126449321266966 0.666992187419769 0.46814903846153844 0.6699218748395378 0.4664279027149321 0.676757812580231 0.464706765837104 0.6894531251604622 0.4423319954751131
0 0.645507812580231 0.5197831233031673 0.651367187419769 0.5060140339366516 0.65625 0.5042928981900452 0.6582031251604622 0.480196992081448 0.6474609377406932 0.4543799490950226 0.6318359377406932 0.44749540497737555 0.627929687419769 0.4543799490950226 0.6210937496790757 0.4561010848416289 0.6171875 0.4664279027149321 0.6171875 0.47675471945701353 0.6132812503209243 0.48363926357466064 0.6210937496790757 0.5111774423076922 0.6259765622593068 0.5197831233031673 0.6318359377406932 0.5197831233031673 0.6337890622593068 0.5266676685520363 0.6367187496790757 0.5249465316742081 0.6396484377406932 0.5197831233031673 0.645507812580231 0.5197831233031673
0 0.6103515622593068 0.585186298642534 0.6152343748395379 0.5696960723981901 0.6230468748395379 0.562811528280543 0.625 0.5524847104072398 0.6210937496790757 0.5283888042986425 0.6083984377406932 0.509456306561086 0.604492187419769 0.5128985791855204 0.596679687419769 0.509456306561086 0.5927734377406932 0.516340850678733 0.588867187419769 0.516340850678733 0.5820312503209243 0.5283888042986425 0.5839843748395379 0.5352733495475114 0.5800781251604621 0.5421578936651584 0.5878906251604621 0.5731383450226244 0.590820312580231 0.5783017533936652 0.596679687419769 0.5783017533936652 0.6015625 0.5869074343891403 0.604492187419769 0.5817440260180995 0.6103515622593068 0.585186298642534
0 0.575195312580231 0.6402626561085973 0.581054687419769 0.6264935656108597 0.5878906251604621 0.621330157239819 0.5878906251604621 0.5937919785067873 0.5771484377406932 0.5714172081447964 0.5615234377406932 0.5679749366515837 0.5507812503209243 0.5765806176470588 0.546875 0.5869074343891403 0.5488281251604621 0.5937919785067873 0.5449218748395379 0.6006765237556562 0.5449218748395379 0.6075610678733031 0.5556640622593068 0.6368203834841628 0.5634765622593068 0.64370492760181 0.5683593748395379 0.6419837918552037 0.5712890622593068 0.6368203834841628 0.575195312580231 0.6402626561085973
0 0.6425781251604621 0.7418096900452489 0.6484375 0.7383674174208146 0.6503906251604621 0.728040600678733 0.6503906251604621 0.7142715113122172 0.6464843748395379 0.7005024219457013 0.635742187419769 0.681569923076923 0.629882812580231 0.6850121957013575 0.622070312580231 0.681569923076923 0.620117187419769 0.6884544683257918 0.614257812580231 0.6884544683257918 0.6074218748395379 0.697060149321267 0.609375 0.7073869660633484 0.6054687496790757 0.7142715113122172 0.6132812503209243 0.7486942341628959 0.6259765622593068 0.7607421877828054 0.6289062503209243 0.7590210509049774 0.637695312580231 0.757299915158371 0.6425781251604621 0.7418096900452489
0 0.6855468748395378 0.6626374253393665 0.6875 0.645426064479638 0.6855468748395378 0.6350992466063349 0.674804687419769 0.6127244773755657 0.659179687419769 0.6092822047511312 0.6464843748395379 0.621330157239819 0.6445312503209243 0.6385415192307692 0.640625 0.645426064479638 0.651367187419769 0.6781276515837104 0.659179687419769 0.681569923076923 0.6630859377406931 0.6884544683257918 0.6660156251604622 0.6867333325791856 0.6728515622593069 0.6850121957013575 0.6855468748395378 0.6626374253393665
0 0.5957031251604621 0.7968860475113122 0.6025390622593068 0.7917226380090497 0.6054687496790757 0.7831169581447964 0.6035156251604621 0.7555787794117648 0.590820312580231 0.7332040090497737 0.5869140622593068 0.7366462805429863 0.5791015622593068 0.7332040090497737 0.575195312580231 0.7400885531674208 0.5693359377406932 0.7400885531674208 0.5625 0.7521365067873304 0.5605468748395379 0.7659055961538462 0.5625 0.7831169581447964 0.5683593748395379 0.8003283190045248 0.5820312503209243 0.8140974083710407 0.5927734377406932 0.808934 0.5957031251604621 0.7968860475113122
0 0.5117187496790757 0.7314828721719457 0.5195312503209243 0.7245983280542987 0.5214843748395379 0.7142715113122172 0.5214843748395379 0.7005024219457013 0.5087890622593068 0.667800834841629 0.502929687419769 0.6712431063348416 0.4931640622593068 0.667800834841629 0.4804687496790757 0.6832910599547511 0.4765625 0.703944693438914 0.4824218748395379 0.728040600678733 0.4892578125802311 0.7400885531674208 0.4931640622593068 0.7400885531674208 0.4970703125802311 0.7469730984162896 0.5 0.7452519615384615 0.5087890622593068 0.7435308257918553 0.5117187496790757 0.7314828721719457