0 0.23925781258023104 0.5542058472850679 0.24316406225930678 0.5542058472850679 0.24609374967907574 0.5421578936651584 0.23632812516046214 0.5146197149321267 0.21191406225930678 0.4715913110859729 0.20800781258023104 0.4715913110859729 0.20703125032092426 0.5042928981900452 0.20898437483953786 0.5077351708144796 0.203125 0.5283888042986425 0.20507812516046214 0.531831076923077 0.20507812516046214 0.5559269830316742 0.21386718741976896 0.5748594807692308 0.21972656225930678 0.5679749366515837 0.22167968741976896 0.5748594807692308 0.2265625 0.5731383450226244 0.23339843774069322 0.5679749366515837 0.23925781258023104 0.5542058472850679
0 0.27929687483953786 0.480196992081448 0.24707031258023104 0.4130726809954751 0.24414062516046214 0.41823608936651585 0.24414062516046214 0.45954335746606334 0.23828125032092426 0.4698701742081448 0.24023437483953786 0.49396608144796383 0.2421875 0.5042928981900452 0.24804687483953786 0.5077351708144796 0.24902343774069322 0.516340850678733 0.25488281258023104 0.5128985791855204 0.25976562516046214 0.5180619875565611 0.27929687483953786 0.49396608144796383 0.27929687483953786 0.480196992081448
0 0.30664062516046214 0.43888972398190046 0.31445312516046214 0.4320051787330317 0.31445312516046214 0.42512063461538463 0.2929687496790757 0.36660200452488684 0.28417968741976896 0.35111177828054296 0.28125 0.37004427714932125 0.28125 0.39758245588235297 0.2773437496790757 0.4079092726244344 0.2773437496790757 0.43544745135746604 0.2802734377406932 0.4440531323529412 0.2851562503209243 0.4457742680995475 0.28613281258023104 0.4543799490950226 0.2900390622593068 0.44749540497737555 0.29394531258023104 0.4543799490950226 0.29882812516046214 0.4526588133484163 0.3037109377406932 0.4509376764705882 0.30664062516046214 0.43888972398190046
0 0.3300781251604621 0.34939064253393665 0.3134765622593068 0.3098045113122172 0.31054687483953786 0.321852463800905 0.31054687483953786 0.352832915158371 0.30664062516046214 0.36315973190045253 0.3046875 0.3906979106334842 0.3134765622593068 0.4096304083710407 0.3193359377406932 0.40618813574660634 0.32324218741976896 0.4130726809954751 0.32617187483953786 0.4113515452488688 0.3417968748395379 0.3872556380090498 0.3300781251604621 0.34939064253393665
0 0.3671875 0.352832915158371 0.3496093748395379 0.2943142850678733 0.3408203125802311 0.2788240599547511 0.3378906251604621 0.2943142850678733 0.3378906251604621 0.321852463800905 0.3339843748395379 0.32873700904977377 0.3320312503209243 0.3562751877828054 0.3408203125802311 0.37520768552036204 0.3447265622593068 0.37520768552036204 0.3486328125802311 0.38209222963800904 0.3535156251604621 0.3803710938914027 0.3671875 0.35971745927601806 0.3671875 0.352832915158371
0 0.3730468748395379 0.2771029230769231 0.3730468748395379 0.2667761063348416 0.3603515622593068 0.2375167918552036 0.3574218748395379 0.24612247285067876 0.3574218748395379 0.2667761063348416 0.3515625 0.2908720124434389 0.3515625 0.30464110180995474 0.3554687496790757 0.31841019117647057 0.3662109377406932 0.33734269004524886 0.3710937496790757 0.3356215531674208 0.3847656251604621 0.3115256470588235 0.3730468748395379 0.2771029230769231
0 0.3925781251604621 0.21169974886877826 0.3857421874197689 0.19620952375565612 0.3828125 0.20137293212669685 0.3828125 0.21858429411764707 0.3769531251604621 0.24612247285067876 0.375 0.27366065158371045 0.3857421874197689 0.292593149321267 0.3945312503209243 0.2943142850678733 0.4082031251604621 0.27021837895927603 0.3925781251604621 0.21169974886877826
0 0.4228515622593068 0.24784360859728508 0.4296875 0.23579565497737556 0.4296875 0.2289111108597285 0.4199218748395379 0.20137293212669685 0.4179687496790757 0.18071929751131222 0.4091796874197689 0.1549022556561086 0.4042968748395379 0.19793065950226243 0.3984375 0.21169974886877826 0.3984375 0.23579565497737556 0.4072265622593068 0.25128588122171946 0.4160156251604621 0.2564492895927602 0.4189453125802311 0.24784360859728508 0.4228515622593068 0.24784360859728508
0 0.2880859377406932 0.6402626561085973 0.29101562516046214 0.6282147024886878 0.2958984377406932 0.6264935656108597 0.3007812503209243 0.6178878857466064 0.3007812503209243 0.6075610678733031 0.29101562516046214 0.5834651617647059 0.2666015622593068 0.5404367579185521 0.26367187483953786 0.5456001662895927 0.26367187483953786 0.5834651617647059 0.25976562516046214 0.5937919785067873 0.2578125 0.621330157239819 0.25976562516046214 0.6316569751131221 0.2666015622593068 0.64370492760181 0.2744140622593068 0.6402626561085973 0.27539062516046214 0.6488683359728507 0.27929687483953786 0.6488683359728507 0.28417968741976896 0.6402626561085973 0.2880859377406932 0.6402626561085973
0 0.3203125 0.5731383450226244 0.328125 0.5662537997737557 0.328125 0.5490424389140272 0.31445312516046214 0.5249465316742081 0.3085937496790757 0.5042928981900452 0.2978515622593068 0.48536040045248874 0.29492187483953786 0.4905238088235294 0.2929687496790757 0.531831076923077 0.2890625 0.5421578936651584 0.2890625 0.5696960723981901 0.2978515622593068 0.5886285701357467 0.3037109377406932 0.5817440260180995 0.3085937496790757 0.5903497070135747 0.31738281258023104 0.585186298642534 0.3203125 0.5731383450226244
0 0.3554687496790757 0.5077351708144796 0.3476562503209243 0.48363926357466064 0.3417968748395379 0.47675471945701353 0.3359375 0.4526588133484163 0.32519531258023104 0.433726314479638 0.32226562516046214 0.4457742680995475 0.32226562516046214 0.4733124468325792 0.3164062503209243 0.4905238088235294 0.3164062503209243 0.5180619875565611 0.3242187496790757 0.5283888042986425 0.32519531258023104 0.5369944852941176 0.3310546874197689 0.5301099411764706 0.3359375 0.538715621040724 0.3427734377406932 0.5335522126696832 0.3554687496790757 0.5077351708144796
0 0.3759765622593068 0.48536040045248874 0.3798828125802311 0.4715913110859729 0.3847656251604621 0.4698701742081448 0.3847656251604621 0.45954335746606334 0.3710937496790757 0.42512063461538463 0.3691406251604621 0.4113515452488688 0.3583984377406932 0.3889767748868779 0.3554687496790757 0.39414018325791855 0.3535156251604621 0.42856290610859726 0.3476562503209243 0.4423319954751131 0.3476562503209243 0.4698701742081448 0.3564453125802311 0.4888026719457014 0.3623046874197689 0.48536040045248874 0.3671875 0.49396608144796383 0.3720703125802311 0.48536040045248874 0.3759765622593068 0.48536040045248874
0 0.4121093748395379 0.4216783619909502 0.4121093748395379 0.4113515452488688 0.40625 0.39758245588235297 0.3964843748395379 0.3562751877828054 0.3876953125802311 0.3407849615384615 0.3847656251604621 0.34594836990950223 0.3847656251604621 0.36660200452488684 0.3828125 0.3803710938914027 0.3769531251604621 0.39414018325791855 0.375 0.41823608936651585 0.3857421874197689 0.43716858710407236 0.3916015622593068 0.43716858710407236 0.3935546874197689 0.4440531323529412 0.3964843748395379 0.4423319954751131 0.4072265622593068 0.42339949773755653 0.4121093748395379 0.4216783619909502
0 0.4287109377406932 0.38209222963800904 0.4316406251604621 0.37004427714932125 0.4375 0.36315973190045253 0.4316406251604621 0.34939064253393665 0.4296875 0.3356215531674208 0.4257812503209243 0.32873700904977377 0.4257812503209243 0.31841019117647057 0.4150390622593068 0.2857086040723982 0.4121093748395379 0.2908720124434389 0.4082031251604621 0.32873700904977377 0.4003906251604621 0.35971745927601806 0.4023437496790757 0.37004427714932125 0.4111328125802311 0.38553450226244346 0.421875 0.3872556380090498 0.4248046874197689 0.3786499570135747 0.4287109377406932 0.38209222963800904
0 0.4609375 0.3115256470588235 0.4589843748395379 0.2977565576923077 0.453125 0.2874297409502263 0.4472656251604621 0.2564492895927602 0.4404296874197689 0.2409590633484163 0.4375 0.2495647443438914 0.4355468748395379 0.2771029230769231 0.4277343748395379 0.3011988303167421 0.4277343748395379 0.31841019117647057 0.4365234377406932 0.33734269004524886 0.4472656251604621 0.3390638257918552 0.4609375 0.321852463800905 0.4609375 0.3115256470588235
0 0.4765625 0.2564492895927602 0.4707031251604621 0.21858429411764707 0.4667968748395379 0.20481520475113124 0.4638671874197689 0.20309406787330317 0.4609375 0.21169974886877826 0.4589843748395379 0.23923792760180995 0.4511718748395379 0.26333383371040725 0.4511718748395379 0.2771029230769231 0.4599609377406932 0.299477693438914 0.4707031251604621 0.3011988303167421 0.484375 0.2771029230769231 0.4765625 0.2564492895927602
0 0.3525390622593068 0.7125503744343892 0.3554687496790757 0.697060149321267 0.3623046874197689 0.6918967409502262 0.3652343748395379 0.6832910599547511 0.3554687496790757 0.6523106085972851 0.3310546874197689 0.6127244773755657 0.328125 0.6282147024886878 0.328125 0.6488683359728507 0.3203125 0.6695219705882354 0.32226562516046214 0.6764065147058823 0.3203125 0.6901756040723982 0.3300781251604621 0.7073869660633484 0.3310546874197689 0.7159926470588235 0.3388671874197689 0.7091081018099546 0.3398437496790757 0.7177137828054299 0.34375 0.7177137828054299 0.3466796874197689 0.7125503744343892 0.3525390622593068 0.7125503744343892
0 0.3857421874197689 0.64370492760181 0.3886718748395379 0.6316569751131221 0.3964843748395379 0.6247724298642533 0.3984375 0.6144456131221719 0.3808593748395379 0.5662537997737557 0.3681640622593068 0.5438790294117647 0.3652343748395379 0.5524847104072398 0.3632812503209243 0.5834651617647059 0.3554687496790757 0.6041187963800905 0.3574218748395379 0.6075610678733031 0.3554687496790757 0.6247724298642533 0.359375 0.6282147024886878 0.3603515622593068 0.6368203834841628 0.3652343748395379 0.6385415192307692 0.3662109377406932 0.6471472002262444 0.3720703125802311 0.6402626561085973 0.3759765622593068 0.6505894728506787 0.3789062503209243 0.6488683359728507 0.3818359377406932 0.6402626561085973 0.3857421874197689 0.64370492760181
0 0.4248046874197689 0.5748594807692308 0.4355468748395379 0.5559269830316742 0.4355468748395379 0.5490424389140272 0.4335937496790757 0.538715621040724 0.4199218748395379 0.5077351708144796 0.4179687496790757 0.49396608144796383 0.4091796874197689 0.4784758552036199 0.4042968748395379 0.49396608144796383 0.4023437496790757 0.5215042601809955 0.3945312503209243 0.5421578936651584 0.3964843748395379 0.5456001662895927 0.3945312503209243 0.5559269830316742 0.4042968748395379 0.5731383450226244 0.4052734377406932 0.5817440260180995 0.4111328125802311 0.5748594807692308 0.4150390622593068 0.585186298642534 0.4179687496790757 0.5834651617647059 0.4179687496790757 0.5765806176470588 0.4248046874197689 0.5748594807692308
0 0.4550781251604621 0.5077351708144796 0.4550781251604621 0.5008506255656109 0.4628906251604621 0.4905238088235294 0.4628906251604621 0.480196992081448 0.4550781251604621 0.4664279027149321 0.4472656251604621 0.42856290610859726 0.4384765622593068 0.4130726809954751 0.4316406251604621 0.4561010848416289 0.4238281251604621 0.4733124468325792 0.4238281251604621 0.4905238088235294 0.4316406251604621 0.5042928981900452 0.4326171874197689 0.5128985791855204 0.4404296874197689 0.509456306561086 0.4453125 0.5180619875565611 0.4482421874197689 0.509456306561086 0.4550781251604621 0.5077351708144796
0 0.4960937496790757 0.43544745135746604 0.5019531251604621 0.4216783619909502 0.5019531251604621 0.41479381674208143 0.4960937496790757 0.39758245588235297 0.4941406251604621 0.3803710938914027 0.4902343748395379 0.37348654864253394 0.4882812503209243 0.3562751877828054 0.4814453125802311 0.3442272341628959 0.4746093748395379 0.38381336651583714 0.46875 0.39414018325791855 0.4648437496790757 0.41479381674208143 0.46875 0.42856290610859726 0.4746093748395379 0.43544745135746604 0.4755859377406932 0.4440531323529412 0.4794921874197689 0.4406108597285068 0.4863281251604621 0.4457742680995475 0.4892578125802311 0.43716858710407236 0.4960937496790757 0.43544745135746604
0 0.5244140622593068 0.38553450226244346 0.5292968748395379 0.37692882126696836 0.5332031251604621 0.35971745927601806 0.5273437496790757 0.3425060984162896 0.5234375 0.30808337443438916 0.5166015622593068 0.2891508766968326 0.4980468748395379 0.352832915158371 0.4980468748395379 0.36315973190045253 0.5087890622593068 0.3889767748868779 0.5195312503209243 0.3906979106334842 0.5224609377406932 0.38209222963800904 0.5244140622593068 0.38553450226244346
0 0.5449218748395379 0.3425060984162896 0.5488281251604621 0.3321792805429864 0.5488281251604621 0.321852463800905 0.5449218748395379 0.31496791968325794 0.5390625 0.27021837895927603 0.5351562503209243 0.2564492895927602 0.5322265622593068 0.2547281538461538 0.5214843748395379 0.30808337443438916 0.5292968748395379 0.352832915158371 0.5322265622593068 0.35799632352941174 0.5351562503209243 0.3562751877828054 0.5380859377406932 0.34766950678733033 0.5449218748395379 0.3425060984162896
0 0.4238281251604621 0.779674685520362 0.4238281251604621 0.7693478687782805 0.4267578125802311 0.7641844592760181 0.4335937496790757 0.7590210509049774 0.4335937496790757 0.7452519615384615 0.4179687496790757 0.7108292386877828 0.4160156251604621 0.7005024219457013 0.4033203125802311 0.681569923076923 0.3984375 0.7108292386877828 0.3886718748395379 0.73492514479638 0.390625 0.7486942341628959 0.3867187496790757 0.7590210509049774 0.3984375 0.779674685520362 0.3994140622593068 0.7882803665158371 0.4072265622593068 0.7813958212669684 0.4111328125802311 0.7917226380090497 0.4140625 0.7900015022624434 0.4169921874197689 0.7813958212669684 0.4238281251604621 0.779674685520362
0 0.4580078125802311 0.7125503744343892 0.4638671874197689 0.6953390135746607 0.46875 0.6936178766968325 0.46875 0.6798487873303167 0.453125 0.6419837918552037 0.453125 0.6350992466063349 0.4423828125802311 0.6127244773755657 0.4335937496790757 0.6523106085972851 0.4277343748395379 0.6591951538461539 0.4238281251604621 0.6936178766968325 0.4355468748395379 0.7108292386877828 0.4365234377406932 0.7194349196832579 0.4443359377406932 0.7125503744343892 0.4453125 0.7211560554298642 0.4492187496790757 0.7211560554298642 0.4521484377406932 0.7125503744343892 0.4580078125802311 0.7125503744343892
0 0.4970703125802311 0.623051294117647 0.5009765622593068 0.6092822047511312 0.5058593748395379 0.6075610678733031 0.5058593748395379 0.5903497070135747 0.5 0.5800228891402714 0.4863281251604621 0.5283888042986425 0.4833984377406932 0.5266676685520363 0.4746093748395379 0.5662537997737557 0.4648437496790757 0.5869074343891403 0.4648437496790757 0.6041187963800905 0.4746093748395379 0.621330157239819 0.4755859377406932 0.6299358382352942 0.4833984377406932 0.6264935656108597 0.4882812503209243 0.6316569751131221 0.4912109377406932 0.623051294117647 0.4970703125802311 0.623051294117647
0 0.5292968748395379 0.5490424389140272 0.5292968748395379 0.5421578936651584 0.5371093748395379 0.531831076923077 0.5371093748395379 0.5249465316742081 0.5292968748395379 0.5077351708144796 0.5292968748395379 0.49740835294117647 0.5234375 0.480196992081448 0.5234375 0.4664279027149321 0.5166015622593068 0.4543799490950226 0.5058593748395379 0.49396608144796383 0.4960937496790757 0.5180619875565611 0.4980468748395379 0.5249465316742081 0.4960937496790757 0.531831076923077 0.5019531251604621 0.538715621040724 0.5068359377406932 0.5576481199095022 0.5146484377406932 0.5542058472850679 0.5195312503209243 0.5593692556561086 0.5224609377406932 0.5507635746606335 0.5292968748395379 0.5490424389140272
0 0.5566406251604621 0.480196992081448 0.5566406251604621 0.4733124468325792 0.5625 0.4664279027149321 0.5625 0.45954335746606334 0.5566406251604621 0.4457742680995475 0.5546875 0.42512063461538463 0.5507812503209243 0.41479381674208143 0.5507812503209243 0.39758245588235297 0.5458984377406932 0.38553450226244346 0.541992187419769 0.38553450226244346 0.5371093748395379 0.41823608936651585 0.5332031251604621 0.4320051787330317 0.5273437496790757 0.43888972398190046 0.5234375 0.4561010848416289 0.5253906251604621 0.4664279027149321 0.536132812580231 0.4888026719457014 0.546875 0.4905238088235294 0.549804687419769 0.4819181278280543 0.5566406251604621 0.480196992081448
0 0.4970703125802311 0.8467989954751131 0.5 0.8416355871040724 0.5009765622593068 0.8295876346153845 0.5078125 0.8244242262443439 0.5078125 0.8072128642533937 0.5 0.7865592296380091 0.4941406251604621 0.779674685520362 0.4921875 0.7659055961538462 0.4814453125802311 0.7469730984162896 0.4746093748395379 0.7727901402714932 0.4609375 0.8003283190045248 0.4628906251604621 0.8106551368778281 0.4589843748395379 0.8244242262443439 0.4677734377406932 0.8399144513574661 0.4726562503209243 0.8416355871040724 0.4716796874197689 0.8536835407239819 0.4814453125802311 0.8467989954751131 0.4853515622593068 0.8571258133484163 0.4882812503209243 0.8554046764705883 0.4912109377406932 0.8467989954751131 0.4970703125802311 0.8467989954751131
0 0.5634765622593068 0.929413531674208 0.5664062503209243 0.9242501233031674 0.5664062503209243 0.9104810339366516 0.5742187496790757 0.9001542171945701 0.5742187496790757 0.8863851278280542 0.5625 0.8588469490950226 0.5625 0.8519624049773756 0.5546875 0.8313087703619909 0.549804687419769 0.8295876346153845 0.534179687419769 0.8605680859728507 0.5292968748395379 0.8622892217194571 0.5253906251604621 0.8795005837104073 0.5273437496790757 0.8898274004524888 0.5234375 0.9001542171945701 0.53125 0.9104810339366516 0.5322265622593068 0.9190867149321267 0.5371093748395379 0.9208078518099547 0.5380859377406932 0.9328558042986426 0.549804687419769 0.929413531674208 0.5507812503209243 0.9380192126696832 0.5527343748395379 0.9380192126696832 0.557617187419769 0.9259712601809954 0.5634765622593068 0.929413531674208
0 0.596679687419769 0.8571258133484163 0.5996093748395379 0.8416355871040724 0.6054687496790757 0.8347510429864254 0.6054687496790757 0.8106551368778281 0.6035156251604621 0.8003283190045248 0.5917968748395379 0.779674685520362 0.5898437496790757 0.7624633235294117 0.5849609377406932 0.7607421877828054 0.575195312580231 0.7813958212669684 0.5625 0.7968860475113122 0.5585937496790757 0.8313087703619909 0.5664062503209243 0.8381933156108597 0.5664062503209243 0.8450778597285067 0.5722656251604621 0.8519624049773756 0.573242187419769 0.8605680859728507 0.583007812580231 0.8571258133484163 0.5878906251604621 0.8657314943438914 0.5898437496790757 0.8554046764705883 0.596679687419769 0.8571258133484163
0 0.622070312580231 0.8020494558823529 0.6308593748395379 0.779674685520362 0.6308593748395379 0.7590210509049774 0.625 0.7452519615384615 0.6191406251604621 0.7108292386877828 0.612304687419769 0.705665830316742 0.6035156251604621 0.728040600678733 0.5898437496790757 0.7452519615384615 0.5878906251604621 0.7590210509049774 0.59375 0.7831169581447964 0.604492187419769 0.8020494558823529 0.6103515622593068 0.8020494558823529 0.612304687419769 0.808934 0.6152343748395379 0.8072128642533937 0.6181640622593068 0.7986071832579186 0.622070312580231 0.8020494558823529
0 0.6416015622593068 0.7194349196832579 0.6425781251604621 0.7073869660633484 0.6484375 0.7005024219457013 0.6484375 0.6832910599547511 0.6425781251604621 0.6729642432126697 0.640625 0.6385415192307692 0.6337890622593068 0.623051294117647 0.6269531251604621 0.6316569751131221 0.6230468748395379 0.645426064479638 0.6054687496790757 0.6764065147058823 0.6054687496790757 0.697060149321267 0.612304687419769 0.705665830316742 0.6162109377406932 0.705665830316742 0.629882812580231 0.7297617364253394 0.6328125 0.728040600678733 0.635742187419769 0.7194349196832579 0.6416015622593068 0.7194349196832579
0 0.674804687419769 0.6643585622171946 0.6757812503209242 0.6557528812217195 0.6816406251604622 0.645426064479638 0.6816406251604622 0.6282147024886878 0.6757812503209242 0.6144456131221719 0.6777343748395378 0.5937919785067873 0.671875 0.5834651617647059 0.668945312580231 0.5679749366515837 0.6640625 0.5696960723981901 0.6582031251604622 0.5903497070135747 0.640625 0.621330157239819 0.640625 0.6385415192307692 0.6523437496790757 0.6591951538461539 0.6523437496790757 0.6660796979638008 0.661132812580231 0.6643585622171946 0.6660156251604622 0.6729642432126697 0.6708984377406931 0.6609162895927602 0.674804687419769 0.6643585622171946
0 0.6962890622593069 0.5955131153846154 0.6972656251604622 0.5869074343891403 0.703125 0.5765806176470588 0.6972656251604622 0.531831076923077 0.6972656251604622 0.5042928981900452 0.6943359377406931 0.49912948981900457 0.690429687419769 0.49912948981900457 0.6855468748395378 0.5077351708144796 0.6835937496790758 0.5180619875565611 0.6660156251604622 0.5456001662895927 0.6621093748395378 0.5593692556561086 0.6650390622593069 0.5679749366515837 0.6699218748395378 0.5696960723981901 0.6757812503209242 0.5972342511312216 0.682617187419769 0.5955131153846154 0.6875 0.6041187963800905 0.690429687419769 0.5955131153846154 0.6962890622593069 0.5955131153846154
0 0.7226562503209242 0.5077351708144796 0.7246093748395378 0.48708153619909506 0.7226562503209242 0.48363926357466064 0.7226562503209242 0.45954335746606334 0.7197265622593069 0.4543799490950226 0.6953125 0.5042928981900452 0.6992187496790758 0.5490424389140272 0.7021484377406931 0.5542058472850679 0.7099609377406931 0.5542058472850679 0.7119140622593069 0.5610903914027149 0.7148437496790758 0.5593692556561086 0.7285156251604622 0.5352733495475114 0.7226562503209242 0.5077351708144796
0 0.752929687419769 0.5025717624434389 0.7578125 0.48708153619909506 0.7578125 0.4733124468325792 0.7539062503209242 0.4629856300904977 0.7539062503209242 0.4113515452488688 0.7509765622593069 0.40618813574660634 0.7402343748395378 0.4320051787330317 0.7226562503209242 0.45954335746606334 0.7246093748395378 0.49396608144796383 0.731445312580231 0.5060140339366516 0.739257812580231 0.5025717624434389 0.7431640622593069 0.509456306561086 0.7460937496790758 0.5077351708144796 0.747070312580231 0.5025717624434389 0.752929687419769 0.5025717624434389
0 0.53125 0.7521365067873304 0.53125 0.7418096900452489 0.5390625 0.7314828721719457 0.5390625 0.7177137828054299 0.53125 0.7005024219457013 0.53125 0.6901756040723982 0.5146484377406932 0.6609162895927602 0.5078125 0.6832910599547511 0.4980468748395379 0.697060149321267 0.4941406251604621 0.7314828721719457 0.5009765622593068 0.7469730984162896 0.5058593748395379 0.7486942341628959 0.5068359377406932 0.7607421877828054 0.5146484377406932 0.7538576425339367 0.5195312503209243 0.7624633235294117 0.5244140622593068 0.7538576425339367 0.53125 0.7521365067873304
0 0.5585937496790757 0.6695219705882354 0.5585937496790757 0.6591951538461539 0.5507812503209243 0.6385415192307692 0.5449218748395379 0.6041187963800905 0.5380859377406932 0.5955131153846154 0.53125 0.6075610678733031 0.5253906251604621 0.6316569751131221 0.5195312503209243 0.6385415192307692 0.515625 0.6591951538461539 0.528320312580231 0.6884544683257918 0.536132812580231 0.6918967409502262 0.5380859377406932 0.6987812850678733 0.5410156251604621 0.697060149321267 0.5507812503209243 0.6867333325791856 0.5585937496790757 0.6695219705882354
0 0.5771484377406932 0.6402626561085973 0.578125 0.6316569751131221 0.5839843748395379 0.6247724298642533 0.5839843748395379 0.6075610678733031 0.567382812580231 0.5438790294117647 0.5605468748395379 0.5559269830316742 0.5527343748395379 0.5834651617647059 0.546875 0.5903497070135747 0.5449218748395379 0.6110033404977375 0.5556640622593068 0.64370492760181 0.5634765622593068 0.64370492760181 0.565429687419769 0.6505894728506787 0.5683593748395379 0.6488683359728507 0.5712890622593068 0.6402626561085973 0.5771484377406932 0.6402626561085973
0 0.6074218748395379 0.5765806176470588 0.6074218748395379 0.5662537997737557 0.6015625 0.5490424389140272 0.6015625 0.5352733495475114 0.5957031251604621 0.5146197149321267 0.5957031251604621 0.5008506255656109 0.5927734377406932 0.49568721719457015 0.5878906251604621 0.5008506255656109 0.5800781251604621 0.5283888042986425 0.5703125 0.5456001662895927 0.5722656251604621 0.5662537997737557 0.5800781251604621 0.5903497070135747 0.588867187419769 0.598955386877828 0.5917968748395379 0.5972342511312216 0.598632812580231 0.592070842760181 0.6074218748395379 0.5765806176470588