0 0.1717809038785835 0.8596118928571428 0.16328800927487352 0.8522036398809524 0.15072475295109614 0.8499088482142857 0.1430251989881956 0.8586326726190476 0.1331594966273187 0.8607015863095239 0.1297096121416526 0.8721688467261905 0.1720684839797639 0.8799060714285714 0.16962654300168634 0.8711620639880954 0.1717809038785835 0.8596118928571428
0 0.12028391231028668 0.7852296324404762 0.11783081028667791 0.7981679523809524 0.10554818128161889 0.8677555461309523 0.12350665177065769 0.8710358199404761 0.13254752698145025 0.8635776011904762 0.1351138296795953 0.8500422276785715 0.14082194350758853 0.8467972395833333 0.14089192411467116 0.8397128511904761 0.14352820826306914 0.8190930892857143 0.13638915092748735 0.8030241116071428 0.13810001939291736 0.7940005282738095 0.13041065177065767 0.7863250386904762 0.12291953709949409 0.78495671875 0.12028391231028668 0.7852296324404762
0 0.28204648060708265 0.8691157440476192 0.27492106408094436 0.8606691086309524 0.2571781812816189 0.8670014449404762 0.24456561804384486 0.8931483169642856 0.2897445775716695 0.9014006562499999 0.2922418532883643 0.8932744404761905 0.2828069966273187 0.8804804285714286 0.28204648060708265 0.8691157440476192
0 0.22972963575042157 0.7755588988095238 0.22431965851602023 0.7895058467261904 0.21863870994940982 0.7940253824404762 0.20911824198988196 0.8479638705357143 0.22401395362563237 0.8679014077380952 0.24050878077571666 0.8709143348214285 0.24901372344013492 0.8630757708333332 0.2517965708263069 0.8537903258928572 0.25805296121416527 0.8513844538690476 0.2585201112984823 0.8375126264880952 0.26624578414839795 0.8281520595238095 0.26524365345699835 0.8212349270833333 0.261770110455312 0.8143553511904762 0.26223726138279935 0.8004835252976191 0.253820892074199 0.7936790699404762 0.24950093676222598 0.7752584166666667 0.2397710042158516 0.7707847157738095 0.22972963575042157 0.7755588988095238
0 0.1756843887015177 0.7183425223214286 0.17462565935919055 0.7220896741071429 0.17246019814502528 0.73435815625 0.1767300370994941 0.7560769985119048 0.1974259915682968 0.7749065505952382 0.21403724873524452 0.7621537663690476 0.2204638954468803 0.7624276413690476 0.22190173693086002 0.7481308541666667 0.230833694772344 0.7395377053571428 0.22923248988195616 0.7313930595238095 0.23531058516020234 0.7190887767857144 0.2290691273187184 0.7089516235119048 0.22943949831365937 0.6892250729166667 0.22686763322091064 0.6872676696428572 0.20583028330522765 0.6834250119047619 0.1937334915682968 0.6912929508928571 0.1756843887015177 0.7183425223214286
0 0.20212560961214165 0.6403630907738096 0.2062247141652614 0.6315369360119047 0.20531647723440136 0.6222851339285714 0.19945616020236087 0.6194933258928571 0.20019861804384487 0.6080881919642858 0.19629002276559865 0.5972457514880952 0.18647927234401349 0.5954537306547619 0.18341538279932545 0.5951932842261906 0.17510665514333895 0.5990742961309523 0.16025041146711635 0.6184542872023809 0.1474962849915683 0.6382605997023809 0.14738347554806072 0.6388080892857143 0.14461159274873522 0.654512275297619 0.1514202647554806 0.661283019345238 0.1574463600337268 0.6847317648809523 0.17417433642495783 0.6907410282738096 0.19654159021922427 0.6719995133928571 0.19893474114671164 0.6584410476190475 0.20305197048903878 0.6555374970238096 0.20529987352445192 0.6428019419642856 0.20212560961214165 0.6403630907738096
0 0.17337658347386173 0.5328969613095238 0.17235379005059023 0.5176482083333334 0.16750069983136595 0.5167617485119047 0.15510796458684653 0.5869731517857143 0.15170003794266443 0.6074123169642858 0.15543255649241144 0.6025050327380952 0.16041463406408094 0.6030343467261905 0.1644174713322091 0.5942319419642857 0.17102301686340643 0.5926268214285715 0.17404661214165262 0.5744927038690476 0.1793315910623946 0.5708046071428571 0.17974932377740302 0.5682992410714286 0.1796729173693086 0.5635558630952381 0.17707020741989882 0.5563585848214286 0.18107304384485667 0.5475561800595239 0.17337658347386173 0.5328969613095238
0 0.38161688954468803 0.7846185282738095 0.36465403456998313 0.7995763824404762 0.35291438279932547 0.844418150297619 0.35677376897133223 0.8692338169642857 0.36214608937605397 0.8770382261904762 0.3711754494097808 0.8816178541666666 0.3925756231028668 0.8721534613095239 0.39860324198988195 0.8574320148809523 0.4053081644182125 0.8515196086309524 0.40678174536256323 0.8431709910714286 0.4056017360876897 0.8355835863095238 0.4090296618887015 0.8304353541666666 0.4100977807757167 0.8243838943452382 0.40456529595278246 0.7888102574404763 0.38161688954468803 0.7846185282738095
0 0.36139020489038787 0.6872760267857143 0.34683029173693086 0.691116005952381 0.33019238195615513 0.7077170267857144 0.3172070919055649 0.7423527217261905 0.32029321838111297 0.7795347976190476 0.33081866357504214 0.7876148541666668 0.3476951298482293 0.7831639166666667 0.3606357268128162 0.7702520089285714 0.3646162883642496 0.7569891904761905 0.36717092242833055 0.7557441220238095 0.3731008634064081 0.7221478720238095 0.36996839544688026 0.7175816443452381 0.37105669308600336 0.7010106220238095 0.364291281618887 0.6878059330357142 0.36139020489038787 0.6872760267857143
0 0.28738205311973014 0.5680373184523809 0.2816881205733558 0.5832888839285714 0.2775197369308601 0.6069049851190476 0.2792731509274874 0.6299598467261904 0.2845162082630691 0.6427175208333333 0.29449795193929174 0.6520293839285715 0.30103657672849915 0.6532237232142857 0.31884040050590223 0.6445833586309524 0.32141570404721753 0.6312528735119047 0.3300924991568297 0.6262365654761904 0.3302201627318719 0.6189262083333333 0.32802785075885327 0.6103256235119048 0.332064694772344 0.6027288601190476 0.32389855564924114 0.5785037410714285 0.3248846534569983 0.5667498898809524 0.3118232352445194 0.5545650282738096 0.28738205311973014 0.5680373184523809
0 0.25456332799325465 0.46292122023809523 0.2519218043844857 0.47788685119047625 0.25009337774030355 0.5087736056547619 0.2626071475548061 0.5329482976190476 0.2905789333895447 0.5271587425595238 0.29497285750421587 0.5167786830357143 0.29399892411467116 0.5112155476190476 0.3034323161888701 0.5059689122023809 0.3042476686340641 0.4988001354166667 0.30278677065767284 0.49045543154761906 0.3066937259696459 0.4772938035714286 0.3006803254637437 0.4665972410714285 0.302797997470489 0.4550412529761904 0.3004084907251265 0.4473906205357143 0.2766967664418213 0.44305946279761904 0.25456332799325465 0.46292122023809523
0 0.2790981146711636 0.3851600431547619 0.2581546981450253 0.3813345416666667 0.24122038279932548 0.3867514508928571 0.2305304881956155 0.3982289508928571 0.22722891146711638 0.4383029419642857 0.22959142158516022 0.4583284955357143 0.23896802951096122 0.4697487827380952 0.24331883220910624 0.4725981354166666 0.27823891905564924 0.4453118943452381 0.2794018153456998 0.4381541889880952 0.2783893111298482 0.4295718110119048 0.28224049241146715 0.42423783779761903 0.2830034569983137 0.41991524404761904 0.2793650952782462 0.4038132291666666 0.28135338701517704 0.3866370267857143 0.2790981146711636 0.3851600431547619
0 0.48870401096121413 0.7901039583333332 0.48588194940978074 0.8060924315476191 0.48686612647554806 0.8107911324404762 0.48447887436762227 0.8140415922619046 0.4795591703204047 0.8419143199404763 0.47953162984822933 0.842599386904762 0.4877491677908937 0.8641429672619048 0.49711928583473863 0.8695694226190476 0.5154105 0.8664859404761904 0.5275348086003373 0.8536145327380952 0.5398986374367623 0.8222322723214285 0.5371594569983136 0.8150510803571429 0.5410512166947723 0.8061151488095238 0.5312320733558179 0.7867523020833334 0.5316961070826307 0.7752096413690476 0.5266667740303541 0.7747836458333334 0.5264553962900506 0.7742294866071427 0.5034490961214165 0.7700271800595238 0.48870401096121413 0.7901039583333332
0 0.44529747386172003 0.5489027053571428 0.44005019645868465 0.5407296860119047 0.41995287352445193 0.5410798258928571 0.406291589376054 0.5624542247023809 0.4033885750421585 0.5789013348214286 0.4035537074198988 0.5821177633928571 0.40137471079258014 0.5903109404761905 0.39941008010118045 0.6014416160714285 0.40257458937605395 0.6100629196428572 0.40143457672849914 0.619202162202381 0.406111849915683 0.631944800595238 0.41343459274873523 0.6335271056547619 0.41858310202360877 0.642455193452381 0.42137668212478924 0.6429654657738095 0.4444355834738617 0.6261474642857143 0.4482210649241147 0.6058478898809524 0.4546083541315346 0.6048816681547619 0.45517836003372686 0.6003120476190477 0.4523719957841484 0.5926664657738095 0.4546520185497471 0.5743879836309523 0.446963826306914 0.5656875297619047 0.44529747386172003 0.5489027053571428
0 0.4083706129848229 0.4364066264880952 0.39270442664418215 0.4335450580357143 0.3819097984822934 0.4439899717261905 0.37551915851602025 0.44351200892857146 0.3635562546374368 0.47382978869047615 0.36125530607082634 0.4868658794642857 0.3649275320404722 0.5203761413690476 0.3777659586846543 0.5312691205357143 0.3846960084317032 0.5245635863095238 0.39168320067453627 0.5277951041666666 0.39628418549747046 0.5200123973214286 0.40094231618887016 0.5221667425595238 0.407218671163575 0.5027705952380952 0.41588123271500843 0.49438867559523814 0.41409157588532886 0.4861280044642857 0.4174994586846543 0.47283818154761903 0.41105167369308604 0.4624231651785714 0.4127270438448567 0.4508097261904762 0.409744284148398 0.43704193898809524 0.4083706129848229 0.4364066264880952
0 0.5461253271500843 0.09674504017857141 0.5366777537942664 0.12141605952380953 0.5342473676222598 0.13518548660714286 0.5361747377740304 0.1396907038690476 0.5321945016863406 0.15686897023809523 0.5352347723440135 0.1722512232142857 0.5440794426644182 0.1796845625 0.5457696332209107 0.18823608482142856 0.5516288752107926 0.18930632738095238 0.5615477310286677 0.18410377529761904 0.5713874586846543 0.1872425461309524 0.5849863735244519 0.1627555863095238 0.5883585548060708 0.1425008705357143 0.5804538516020237 0.1025070119047619 0.5703930733558179 0.08892077232142857 0.5573471197301855 0.08821822916666666 0.5461253271500843 0.09674504017857141
0 0.5249491256323777 0 0.5163540311973018 0.03878864285714286 0.5208484831365936 0.04380176041666667 0.5200230101180439 0.06460185714285714 0.5265353844856661 0.07442115625000001 0.5319470522765598 0.07023577380952381 0.5362878853288364 0.08057454761904762 0.5413076888701518 0.08149145833333334 0.5669853414839797 0.056932 0.5683611677908937 0.04313424851190476 0.5735483693086004 0.03537180952380953 0.5740765801011805 0.03237921875 0.5736810919055649 0.02734727232142857 0.5740479561551434 0.011146428571428571 0.5693680227655987 0 0.5249491256323777 0
0 0.39658460961214165 0.19693365922619047 0.4035426913996627 0.23215247767857142 0.4089012866779089 0.22996674404761905 0.41157023355817873 0.2389487470238095 0.4215121897133221 0.24076473363095238 0.4405710244519393 0.22871040029761905 0.44255809696458687 0.2151782232142857 0.4485790489038786 0.20848176339285715 0.44839852613827996 0.20113442708333334 0.4495427166947723 0.18476563690476192 0.4385852630691399 0.14788969642857144 0.42449654974704887 0.14091472023809523 0.41143123946037097 0.14412369345238096 0.40455626981450254 0.15176998660714286 0.39658460961214165 0.19693365922619047
0 0.4778826863406408 0.23110008035714286 0.46774193591905566 0.22003998511904763 0.4584276770657673 0.21833865327380955 0.4400243153456998 0.22737376785714286 0.42745130775716694 0.25357738541666663 0.4257904114671164 0.26298723958333337 0.4268836779089376 0.2702048005952381 0.4233860084317032 0.28598877529761907 0.4273672107925801 0.29931365922619046 0.43397653794266444 0.3040723363095238 0.4357546298482293 0.31581099404761903 0.458635758010118 0.3113683898809524 0.4674286905564924 0.3046261964285714 0.47137088111298486 0.29177688690476195 0.4770911635750421 0.29066623660714286 0.4779607048903879 0.28344846875 0.47662713659359185 0.2746444732142857 0.4805693279932547 0.26179516369047623 0.4756990809443508 0.24260095089285713 0.4778826863406408 0.23110008035714286
0 0.4969042015177066 0.31695719196428573 0.4903894300168634 0.3094069642857143 0.4725557917369309 0.31145069047619045 0.45997537268128164 0.3291806235119048 0.4532979418212479 0.36701180654761906 0.4554377091062395 0.3737239032738095 0.4542227065767285 0.3827981785714286 0.46040577150084316 0.402193431547619 0.46576145531197305 0.39966502380952384 0.4682355952782462 0.4074259925595238 0.4748275320404722 0.4086300684523809 0.49309145784148395 0.4016387529761905 0.49756384569983136 0.39633959523809525 0.499386347386172 0.38272818303571426 0.5068403288364249 0.37389625000000004 0.5041904426644183 0.36558399851190476 0.5083870370994942 0.3529769523809524 0.4992223802698145 0.3371144702380952 0.4969042015177066 0.31695719196428573
0 0.541852805227656 0.4322891666666666 0.5399003777403035 0.4213954255952381 0.5427555843170321 0.4043888169642857 0.5357729173693087 0.39980453125000004 0.5200145539629005 0.3969261264880952 0.5026535573355818 0.40773122023809527 0.4867708161888702 0.4404606681547619 0.4825858887015177 0.46738349404761903 0.4854817074198988 0.48007388095238096 0.49142849409780776 0.47858348065476186 0.49221154384485666 0.48988678124999996 0.496437084317032 0.49266094791666665 0.5238624890387859 0.48099604315476185 0.5349730151770657 0.46671194345238093 0.537073800168634 0.45936476190476194 0.5380961365935919 0.45357268303571424 0.537632460370995 0.4468795104166666 0.5397603988195616 0.4441437529761905 0.541852805227656 0.4322891666666666
0 0.630323086846543 0.29150304166666663 0.6285045252951097 0.2772375416666667 0.621427110455312 0.27166425 0.6117202664418212 0.27043705952380953 0.6016079907251265 0.27851567261904764 0.5920633279932546 0.2942917648809524 0.5886066214165261 0.31387583333333335 0.5889647006745362 0.3166847410714286 0.5857271231028668 0.33498954761904765 0.5903778288364249 0.3402560416666667 0.5897696795952783 0.3542147455357143 0.5949481939291738 0.3706979151785714 0.5959139620573356 0.3708743214285714 0.6026097959527824 0.3675343839285714 0.6048384451939292 0.37250445833333334 0.612720218381113 0.37394413392857145 0.632135760539629 0.36191014732142857 0.6419469055649241 0.3327400848214286 0.6410376247892074 0.32560733333333336 0.6407364949409781 0.30451588244047617 0.630323086846543 0.29150304166666663
0 0.5557482942664418 0.2023671949404762 0.5507440101180439 0.23071911458333336 0.5497919856661045 0.24591071875 0.5586812268128163 0.2738528229166667 0.571200913153457 0.2758525907738095 0.5754522192242832 0.28270015625 0.5770198532883642 0.2829864985119047 0.5998707276559865 0.2539098005952381 0.6022838111298482 0.23508949404761906 0.6072397698145026 0.22490639732142859 0.605957518549747 0.21829966666666664 0.6046320033726813 0.20254043154761905 0.5882439300168634 0.17614422023809523 0.5757242453625632 0.1741444494047619 0.5682470438448567 0.18026659077380952 0.5557482942664418 0.2023671949404762
0 0.6593457900505902 0.40139051488095234 0.6577385607082631 0.3854681949404762 0.6533205725126476 0.3798249375 0.6496496627318719 0.3791544136904762 0.6315156677908937 0.3829120580357143 0.6110343575042159 0.4122279330357143 0.6123137917369309 0.4213303139880952 0.6072912858347387 0.4394529642857143 0.6110978456998313 0.4485827142857143 0.6092263094435076 0.46219522916666667 0.6158877908937606 0.47817229166666664 0.6253724468802698 0.48281927678571424 0.6386319190556492 0.4784186205357143 0.6531390809443507 0.4649429538690476 0.6662425320404721 0.4362899494047619 0.667551023608769 0.42887664732142855 0.6672549612141653 0.40829256696428573 0.6593457900505902 0.40139051488095234
0 0.532959676222597 0.5818962633928572 0.5302281020236088 0.5973720744047619 0.530234058178752 0.5984161800595238 0.5297427234401348 0.6001220014880952 0.5251168254637436 0.6263301607142857 0.5297582217537943 0.6536109999999999 0.5421713414839798 0.6681001071428572 0.5430878768971332 0.6682675208333334 0.5614322858347386 0.6618079732142857 0.5724314569983137 0.6494691398809523 0.5739614595278246 0.6404646517857143 0.580246699831366 0.6334138928571429 0.5802053912310287 0.6261720937499999 0.5824590834738617 0.6054235699404762 0.5752849139966273 0.5952511860119047 0.5735896770657674 0.5752884836309524 0.5672218178752108 0.5678556532738095 0.5577113372681282 0.5639482023809523 0.532959676222597 0.5818962633928572