0 0.1891222377384196 0.5043473461538461 0.19320378678474112 0.4981288822115385 0.19526231403269756 0.5040298016826923 0.19679800340599457 0.5039503810096154 0.20066318324250682 0.5014165600961539 0.20775880245231607 0.4937913149038462 0.21351162942779292 0.477381796875 0.21767020435967302 0.4761424915865385 0.22036472956403272 0.46248126923076927 0.20899821594005447 0.43647840625 0.18149137534059948 0.3987535516826923 0.17733279972752042 0.39999285576923077 0.17744511920980927 0.4348602692307692 0.17964566553133515 0.4378782584134615 0.17436074523160763 0.46059428125 0.17430927452316075 0.4618015817307692 0.1763359046321526 0.46458104927884614 0.17718471934604904 0.4900445324519231 0.18561658038147139 0.5045286478365385 0.1891222377384196 0.5043473461538461
0 0.22646896389645776 0.36887060817307693 0.21860579495912805 0.3765786442307692 0.21593050408719344 0.4023275733173077 0.21590338760217984 0.4139173665865385 0.2211183835149864 0.4203684675480769 0.2204427820163488 0.42970314783653846 0.2269818651226158 0.42907468149038464 0.23045401021798365 0.43595390985576926 0.23242677861035424 0.4358518846153846 0.25462528610354224 0.4220384555288461 0.25563790395095365 0.39828650240384617 0.238345068119891 0.3225391778846154 0.23441348297002723 0.32639319591346155 0.22646896389645776 0.36887060817307693
0 0.3001967758855586 0.3228712524038461 0.27783012738419616 0.2753988209134616 0.26741032152588556 0.2608384591346154 0.2657900572207084 0.2814645829326923 0.2679077758855586 0.3105840985576923 0.26460032493188007 0.3223125252403846 0.2667180442779291 0.3514320420673077 0.2704560279291553 0.3599254350961539 0.27571538079019076 0.3607346454326923 0.27740256607629427 0.36963234134615386 0.28097473092643055 0.3615438569711538 0.2856057568119891 0.3680151274038461 0.2906003930517711 0.3651843990384615 0.295595030653951 0.3623536694711538 0.2977447241144414 0.3490074242788461 0.2991520762942779 0.34737571634615383 0.3001967758855586 0.3228712524038461
0 0.2973725163487738 0.2659313834134615 0.2940582636239782 0.29493108653846156 0.30250242983651227 0.31619199639423073 0.30885942234332425 0.31330060096153844 0.312681674386921 0.321124625 0.3158601696185286 0.3196789278846154 0.3267058739782016 0.30518515865384616 0.3280054523160763 0.2747022560096154 0.3228004816076294 0.25436580528846153 0.307091841280654 0.210334375 0.30696553678474114 0.21034090745192308 0.3033774100817439 0.22255940624999998 0.3019742833787466 0.2554711201923077 0.2973725163487738 0.2659313834134615
0 0.3246925558583106 0.20314204567307692 0.3292383828337875 0.23137895552884616 0.32641154359673025 0.24041787139423076 0.32897572275204356 0.26964462259615385 0.3410183923705722 0.28460320552884616 0.34498168732970025 0.2826235204326923 0.34770091689373295 0.28533197235576924 0.3529949550408719 0.2850581826923077 0.3547514448228883 0.2834636466346154 0.3608648589918256 0.2670399699519231 0.361841053133515 0.24414237860576923 0.3365824420980926 0.19720298798076924 0.325108 0.18577401923076925 0.3246925558583106 0.20314204567307692
0 0.351809901907357 0.13665900120192306 0.3496645490463215 0.14636746634615386 0.3518154114441417 0.1682147872596154 0.34824165940054497 0.1949141598557692 0.34967556743869205 0.2094790420673077 0.3551648692098093 0.223236703125 0.3664762159400545 0.23858417668269233 0.3731340245231608 0.23823985697115385 0.37317883038147137 0.23821392908653843 0.37895711239782015 0.22421208052884617 0.38001347479564035 0.1994340504807692 0.3691124175749319 0.17590957451923075 0.36803698705722065 0.16498591346153846 0.351809901907357 0.13665900120192306
0 0.3745161505449591 0.17146929807692307 0.38600189100817434 0.190592921875 0.3968213739782016 0.19003337379807692 0.4040409945504087 0.1763651983173077 0.40513102929155315 0.15079733894230768 0.39178340803814715 0.10458327764423078 0.38423628133514987 0.08847533774038462 0.3812498726158038 0.09412920192307692 0.3816116471389646 0.11244188581730769 0.37600060558583104 0.14206229927884614 0.3745161505449591 0.17146929807692307
0 0.3965368794277929 0.09763685216346155 0.3938421151226158 0.11353448197115384 0.39328832765667576 0.1265241081730769 0.3983666001362398 0.14173897716346154 0.40639850340599454 0.1492516346153846 0.4109364584468665 0.14077901442307691 0.41491967166212534 0.14167867427884615 0.42406105790190735 0.13044676682692308 0.4253014952316076 0.12312887620192307 0.42030520572207086 0.09160814783653846 0.42203490803814714 0.0692046358173077 0.4178755701634877 0.040772249999999996 0.41742255177111715 0.040795679086538465 0.4049925715258855 0.08435055769230769 0.3965368794277929 0.09763685216346155
0 0.26714570095367846 0.5574269447115385 0.2728599727520436 0.5507438954326923 0.27362294277929156 0.5328476790865385 0.26869287329700275 0.5106213737980769 0.2502225660762943 0.4572295793269231 0.2464337581743869 0.4616607271634615 0.24066840122615804 0.5014006622596153 0.23509253542234332 0.5109215817307692 0.22889780040871935 0.5391647307692308 0.22932717847411443 0.5506615180288461 0.23449886376021797 0.5656112175480769 0.24302997888283379 0.5646329867788462 0.24272054427792916 0.5739941009615385 0.2455180544959128 0.574914546875 0.2471348113079019 0.5748309338942308 0.253038720027248 0.5679260985576924 0.25704221525885557 0.56924334375 0.2618792704359673 0.5575867487980769 0.26714570095367846 0.5574269447115385
0 0.2802471110354223 0.3984438485576923 0.278015045640327 0.40196385697115383 0.2707555892370572 0.44671600120192306 0.2653439386920981 0.4582779002403846 0.26417625340599454 0.46827126322115387 0.2631788310626703 0.4916668016826923 0.26873815054495914 0.507422359375 0.27577142915531333 0.4993583665865385 0.27982549795640327 0.5081031334134616 0.2897248978201635 0.5015744579326923 0.29432573501362397 0.4882636057692308 0.30341432016348774 0.47998597596153847 0.3055827159400545 0.46142826442307694 0.2942313222070845 0.43694292067307694 0.29066747683923705 0.41531457451923076 0.28278536035422347 0.3983125793269231 0.2802471110354223 0.3984438485576923
0 0.3158341689373297 0.45563137860576924 0.3193816280653951 0.4554479158653846 0.32423834877384194 0.4515837391826923 0.33848563079019073 0.4233372584134615 0.33097975885558584 0.39804975240384616 0.32499733174386924 0.3910232367788461 0.31955801634877384 0.36562885817307694 0.30878937602179835 0.3460120252403846 0.3053093644414169 0.35902984134615384 0.30444038828337877 0.38841841947115385 0.2979963903269755 0.406278796875 0.29710129495912807 0.4272741370192307 0.29682863419618527 0.436495484375 0.3047689938692098 0.4470886983173077 0.30552615190735694 0.4561644759615385 0.3055787854223433 0.45616175480769233 0.31194763147138965 0.4485514206730769 0.3158341689373297 0.45563137860576924
0 0.3380907452316076 0.4028035540865385 0.3444824196185286 0.3968926105769231 0.349577477520436 0.40400292788461534 0.35501954291553134 0.39305908894230773 0.3592343923705722 0.3915256802884616 0.36372684809264305 0.3755489471153846 0.3690301096730246 0.37182676923076924 0.36923831471389645 0.3609942764423077 0.3551803589918256 0.3302528942307692 0.35335054019073575 0.3165762752403846 0.3422108160762943 0.29732274278846155 0.33894557629427796 0.303889046875 0.336144136239782 0.34076406249999996 0.33373995912806537 0.34686329567307694 0.33183582697547687 0.39152659855769234 0.3380907452316076 0.4028035540865385
0 0.37389047411444143 0.2454286514423077 0.3735513351498638 0.24544618990384615 0.37094424727520436 0.25249984615384613 0.372635916893733 0.2731769483173077 0.3716858044959128 0.28837456009615386 0.36665338828337873 0.3061385420673077 0.36657329495912805 0.3080172127403846 0.3664756301089918 0.3319340865384615 0.37945473705722066 0.343117282451923 0.3856884148501363 0.33887865504807696 0.3883301982288828 0.3443581466346154 0.3913060647138965 0.3405157403846154 0.40118377656675747 0.3137909134615385 0.40623753542234337 0.3085356346153846 0.40539170027247956 0.29819708173076925 0.3980302418256131 0.28865097235576925 0.3842574373297003 0.25436114543269234 0.37389047411444143 0.2454286514423077
0 0.43126520572207083 0.2690866875 0.43186128746594005 0.2551049915865385 0.4294369121253406 0.24935181610576923 0.4274181416893733 0.23471176201923075 0.4233094972752044 0.2274240721153846 0.4233450490463216 0.21642786298076924 0.4120936771117166 0.18172510096153843 0.4089766423705722 0.1872555408653846 0.40471393937329697 0.22761808413461537 0.39634259264305177 0.26069293149038464 0.39837321321525887 0.2716675841346154 0.40761766416893735 0.2880648894230769 0.40856344346049045 0.288207625 0.4197064407356948 0.2876313449519231 0.4221045769754769 0.2805831850961539 0.4262250728882834 0.2842054747596154 0.42936580858310625 0.27134423317307693 0.43126520572207083 0.2690866875
0 0.4356670674386921 0.1737765625 0.42825102997275205 0.19838261298076926 0.4287894325613079 0.21676210216346153 0.4376004843324251 0.23611051562500002 0.4552535960490463 0.23519755408653847 0.45863713828337876 0.2311619375 0.46005933242506813 0.19780298677884614 0.45437216144414166 0.1873360372596154 0.4472756859673025 0.15340903004807693 0.4396425483651226 0.13588290745192308 0.43684807356948224 0.1446506875 0.4356670674386921 0.1737765625
0 0.45257181403269753 0.16177476802884616 0.45912412057220703 0.1871673701923077 0.4701911716621253 0.19067724519230772 0.4806326423705722 0.17626773437499998 0.48197738555858316 0.1447254483173077 0.4816810715258855 0.1435163641826923 0.48005198160762946 0.10193824158653847 0.478061416893733 0.08945969711538462 0.472150681880109 0.08976538100961538 0.4706260027247956 0.09303318990384615 0.46528952384196187 0.12231083173076923 0.4542152820163488 0.1469849362980769 0.45257181403269753 0.16177476802884616
0 0.33087218188010903 0.6304993581730769 0.33831645776566754 0.6266774603365385 0.3388040470027248 0.6255215673076923 0.33952509059945507 0.6086087908653846 0.33336053678474115 0.5831232187500001 0.3100004938692098 0.5353400625 0.3060717867847411 0.5510346754807692 0.3049233153950954 0.5729005841346153 0.29559523365122614 0.5928869771634615 0.29725731267029976 0.6006454927884616 0.29444676294277927 0.6147528858173077 0.30371421389645775 0.6353238762019231 0.304258136239782 0.6446696117788462 0.31282057016348774 0.6392604939903846 0.3132187302452316 0.646101751201923 0.32013257152588553 0.6457441899038462 0.32080876702997274 0.6447843317307692 0.32409435694822886 0.6455392992788462 0.32714687125340597 0.6453814326923077 0.33087218188010903 0.6304993581730769
0 0.361486825613079 0.5701216742788462 0.3624090660762943 0.5700739795673078 0.36656977724795636 0.5597242536057693 0.37497078269754763 0.5561802644230769 0.3759679918256131 0.5327897439903846 0.36665416961852865 0.4884758473557692 0.3563617186648501 0.45975465985576924 0.35227501702997277 0.46741304927884614 0.34641275817438694 0.4987102920673077 0.33580013692098093 0.5167516033653846 0.3373835899182561 0.5211702463942308 0.33323285286103543 0.5381811358173076 0.3368276423705722 0.5434468341346154 0.33676360762942775 0.5527993353365385 0.34157800340599453 0.5567027668269231 0.341513970027248 0.566055265625 0.34840373433242505 0.5614532560096154 0.35044319414168934 0.5706928149038462 0.3559417438692098 0.5704084483173077 0.3584604059945504 0.5656885324519231 0.361486825613079 0.5701216742788462
0 0.3812200136239782 0.4687754170673077 0.38021893051771116 0.48042021153846154 0.3922403044959128 0.49183737499999997 0.3941032799727521 0.4997696598557692 0.394237333106267 0.4997627283653846 0.3996028732970027 0.4893832199519231 0.40476222070844686 0.49743214302884614 0.40766703746594 0.49389317908653846 0.4069654414168937 0.4869290661057692 0.413977211852861 0.48099285216346155 0.42334194891008176 0.45524910817307696 0.4226403535422344 0.4482849951923077 0.41953448228882834 0.4390374483173077 0.40200296321525886 0.4160893076923077 0.39854629427792915 0.403359703125 0.38772705722070844 0.3930842548076923 0.384171954359673 0.41175006971153844 0.38492485967302453 0.44080514783653846 0.38044141212534055 0.4596565661057692 0.3800980749318801 0.46770986899038464 0.3812200136239782 0.4687754170673077
0 0.4275372091280654 0.3173426778846154 0.42282201021798366 0.36403357451923074 0.41550205245231603 0.3852812163461538 0.4164693242506812 0.4032917692307692 0.4255303719346049 0.4144631286057692 0.4270499121253406 0.42306377043269233 0.43514368664850134 0.4162245745192308 0.4408068412806539 0.4232066730769231 0.44343091621253405 0.41298748798076923 0.4505855163487738 0.40835398437500003 0.4501986076294278 0.4011497608173077 0.4551646614441417 0.392100640625 0.45591253746594 0.3745584519230769 0.44826406335149865 0.36512865384615384 0.4378488351498637 0.3287425180288462 0.4285595824250681 0.31728980408653845 0.4275372091280654 0.3173426778846154
0 0.49315690940054496 0.33896403485576926 0.49979582833787467 0.3342810540865385 0.5004564046321526 0.3312904783653846 0.5014250994550409 0.30856877403846156 0.4937063208446867 0.2948651814903846 0.4889624448228883 0.2777749747596154 0.4839034237057221 0.27226065384615383 0.4791595476839237 0.2551704495192308 0.47030626021798366 0.2455203870192308 0.46975684809264306 0.28961924399038463 0.4654898671662125 0.30284732932692304 0.46485957833787467 0.3259990949519231 0.4710257820163488 0.33867993990384615 0.4780607227520436 0.3433681610576923 0.47945411716621256 0.3483879783653846 0.48283432833787465 0.3482131646634615 0.4838309059945504 0.34667780048076924 0.48781609673024523 0.34795552403846153 0.4917957179836512 0.34774971153846157 0.49315690940054496 0.33896403485576926
0 0.5288636573569482 0.25877882692307697 0.529128992506812 0.25588287740384613 0.5249197983651226 0.23844487139423076 0.5241750674386921 0.20148471634615386 0.5188222288828338 0.18100251923076924 0.49620796798365124 0.2401698341346154 0.49497679972752046 0.26904811778846155 0.5002677370572207 0.28587428365384615 0.5139357895095368 0.2851674170673077 0.5158897697547684 0.2806408221153846 0.5176119877384195 0.2843882079326923 0.523604848773842 0.2753408112980769 0.5288636573569482 0.25877882692307697
0 0.543230303133515 0.1420914831730769 0.5254519066757493 0.1947604639423077 0.5279493167574931 0.24423877163461538 0.5298926873297003 0.24940725360576924 0.5338357908719346 0.24920332812499998 0.5376893719346049 0.2415853377403846 0.545408234332425 0.23831604687500002 0.5487304318801091 0.23232320552884617 0.5496206444141689 0.2114424014423077 0.5488466069482288 0.20938381490384617 0.5483703876021798 0.1605213653846154 0.5460471914168937 0.14482353365384615 0.543230303133515 0.1420914831730769
0 0.39892210967302455 0.6334465372596154 0.3971742104904632 0.6223875757211539 0.3847578583106267 0.6026484459134616 0.3841471219346049 0.60268003125 0.3781948896457766 0.6330244362980769 0.3670733610354224 0.6585191406249999 0.3687129856948229 0.6732503545673078 0.364242719346049 0.6841826887019231 0.3760294066757493 0.7064694555288462 0.3767950810626703 0.7156711899038461 0.38530251839237056 0.7084955276442308 0.38912313964577655 0.719596701923077 0.39228635967302455 0.717823890625 0.39566612806539514 0.708706579326923 0.4029747922343324 0.7070181887019231 0.40329961512261575 0.696001436298077 0.40657110899182564 0.6905563725961539 0.4086153051771117 0.6890789170673077 0.40987094618528613 0.6596266201923077 0.39892210967302455 0.6334465372596154
0 0.4142893167574932 0.6435218605769231 0.42287502656675746 0.6351553689903846 0.42353659128065396 0.6440104290865385 0.42623269141689374 0.6438709951923076 0.4276993371934605 0.6436896165865384 0.4311717983651226 0.6341293052884616 0.43739437738419623 0.6333597584134616 0.44433930040871933 0.614239140625 0.4493062234332425 0.6118997079326923 0.45016504972752047 0.5973319266826923 0.45017489100817437 0.5970818858173077 0.4351705034059945 0.55876165625 0.4354594407356948 0.5514212259615385 0.4249904257493188 0.5289756718749999 0.413995166893733 0.5723374555288461 0.40748365122615804 0.5804474326923077 0.40322861035422347 0.6087596141826923 0.40279382288828336 0.6189579711538461 0.41361339305177114 0.6344745829326922 0.4142893167574932 0.6435218605769231
0 0.4948625742506812 0.4942946213942308 0.4919730115803814 0.4899562632211539 0.474495613760218 0.4369609747596154 0.4713071989100817 0.4355182848557692 0.4644084523160763 0.4786703834134615 0.45535295231607625 0.5018625432692307 0.4563785292915531 0.5201241478365385 0.4676902970027248 0.5371075180288462 0.4690899189373297 0.5452823521634615 0.47080537397820166 0.5451936358173077 0.47725554291553135 0.5414355913461538 0.4809003392370572 0.5446715564903847 0.48317170844686647 0.5445540889423077 0.48527938079019073 0.5367606850961538 0.4914510960490463 0.5359937451923077 0.4934823242506812 0.5266697620192308 0.4948625742506812 0.4942946213942308
0 0.5170542241144415 0.4669086838942308 0.5177746948228883 0.4668714230769231 0.5187103140326975 0.46010380528846156 0.5249572459128066 0.45609597716346156 0.5258865667574932 0.43429783894230767 0.5235563821525886 0.42505073437499996 0.5250102029972752 0.4145348137019231 0.5214583623978202 0.39365416466346154 0.5233967888283378 0.37963293629807693 0.5181222261580382 0.3634512295673077 0.5015953119891008 0.39761305408653846 0.488244939373297 0.4165600168269231 0.4892673501362398 0.42468866706730773 0.4863065122615804 0.4305812451923077 0.491312174386921 0.44094597235576927 0.4936258985013624 0.4630202560096154 0.5020770040871935 0.4639870997596154 0.5039767615803815 0.4675850060096154 0.5091268916893733 0.46731865865384614 0.5105281110354224 0.4649539423076923 0.5170542241144415 0.4669086838942308
0 0.5549951757493188 0.37138471033653847 0.5600398467302452 0.3644911514423077 0.5604808855585831 0.35414616826923073 0.5548992009536785 0.3421472475961539 0.552755121934605 0.32060329807692306 0.5485749352861036 0.3104075396634615 0.5485149509536785 0.29213412740384614 0.5432927166212534 0.28030309975961537 0.5391485197547684 0.2810713870192308 0.5340822431880109 0.31675123317307696 0.5299860347411444 0.3321382512019231 0.5237937322888284 0.3406000528846154 0.5197095211171662 0.35964175240384616 0.5218176103542234 0.37022165504807697 0.5332921294277929 0.3918642980769231 0.5446946682561308 0.391578844951923 0.5477728235694823 0.3818659206730769 0.5550191696185286 0.3786940757211538 0.5549951757493188 0.37138471033653847
0 0.47007166348773843 0.7861620985576923 0.4721771628065395 0.7839758221153846 0.4742975844686649 0.7738341370192308 0.4803860401907357 0.7714820540865385 0.482875985013624 0.7649266262019231 0.48259739918256134 0.7519827115384616 0.48752601839237053 0.7458690949519231 0.488060833106267 0.733324501201923 0.48729870299727523 0.7259279387019231 0.47696362534059944 0.7075465024038461 0.47013612397820165 0.7027260697115385 0.46662854904632156 0.6891650685096155 0.45343400476839235 0.6737528004807692 0.4491022247956403 0.7033938305288461 0.4378520068119891 0.7375720841346154 0.4409900592643052 0.7475468317307693 0.4384091784741144 0.7634599182692308 0.4492047138964577 0.7760699519230769 0.4544631886920981 0.7759030120192307 0.45470109877384196 0.786957014423077 0.4564201348773842 0.7868681105769231 0.46415015735694826 0.7777542740384615 0.46891125068119893 0.7862221117788462 0.47007166348773843 0.7861620985576923
0 0.5246328031335149 0.8688707091346154 0.5302035483651226 0.8608066069711539 0.5356114114441417 0.8671931213942308 0.5394305476839237 0.8633047884615385 0.5416609577656676 0.8491416009615385 0.5490911246594006 0.8438715132211538 0.55037214373297 0.8138239483173078 0.5460480197547684 0.7941325048076924 0.5471632247956404 0.7870509134615384 0.542554886239782 0.7620118389423076 0.5378624666212534 0.7578700072115385 0.5169361362397821 0.7821485901442308 0.511686113760218 0.7815475528846154 0.5049211239782017 0.797354389423077 0.5052368051771118 0.8089253533653846 0.4995870211171662 0.8176505973557693 0.5058681675749319 0.8320672788461538 0.5054684032697547 0.8413935576923077 0.5101608242506812 0.845535390625 0.5092034591280654 0.8584024651442307 0.5216919931880108 0.860553108173077 0.5213281410081744 0.8690416153846154 0.5246328031335149 0.8688707091346154
0 0.5875565946866486 0.7206621935096155 0.5773256382833788 0.6985478173076923 0.5770159468664849 0.680121079326923 0.5754084965940054 0.6795236057692308 0.5712377472752044 0.6797393016826923 0.5596919816076295 0.7003863846153846 0.5447709107629428 0.7169669170673078 0.5382399257493188 0.7486486153846154 0.5379855980926431 0.754614140625 0.544692560626703 0.7611909002403846 0.5439948262942779 0.7685614038461538 0.5494591709809264 0.7759333401442308 0.5496140163487738 0.7851467103365385 0.5602330136239781 0.781463844951923 0.5644959128065394 0.7906781694711539 0.5675965388283378 0.7796228882211539 0.5746111975476839 0.7814671875 0.5792621376021798 0.7648842656249999 0.5861219502724795 0.7575151959134616 0.5885640190735695 0.7317184290865384 0.5875565946866486 0.7206621935096155
0 0.6116770204359673 0.6210292427884615 0.6075673331062671 0.6212417836538461 0.5956089870572207 0.6385518521634614 0.5779810892370572 0.6517401045673077 0.573754992506812 0.662797549278846 0.5726095722070845 0.6896645276442308 0.5725958630790191 0.6930371911057692 0.5785401852861036 0.7168623533653846 0.5842981410081745 0.7189800997596154 0.5845403944141689 0.7269378786057692 0.5878386389645777 0.7261837860576923 0.5928139495912806 0.7181778293269231 0.5958140551771117 0.7232155913461539 0.6099014550408719 0.7028236514423077 0.6149326532697548 0.6810680576923077 0.6125288290190736 0.6644465817307693 0.615156204359673 0.6260695144230769 0.6116770204359673 0.6210292427884615
0 0.6405405313351499 0.5429635793269231 0.6386451689373297 0.5353088581730769 0.6288791696185286 0.5358139230769231 0.6287400974114441 0.5359259423076923 0.6225631083106267 0.5491125276442308 0.5996151846049046 0.575807609375 0.5963828351498638 0.5975706478365385 0.6020746798365123 0.6089522656249999 0.6060967683923706 0.6102743713942307 0.616403008174387 0.6402919507211539 0.6196889366485013 0.6394699435096154 0.6240523160762943 0.6313935889423077 0.6300854489100817 0.6333767487980769 0.6329765088555859 0.6210121694711539 0.637351348092643 0.617769032451923 0.63871575 0.5857656430288462 0.6383637561307901 0.5847404399038462 0.6391052820163488 0.5766287800480769 0.6405405313351499 0.5429635793269231
0 0.6469853896457766 0.5731753737980769 0.6498479434604905 0.581710938701923 0.6517305306539509 0.5816135769230769 0.6575717411444142 0.5722003185096154 0.660970325613079 0.5769106526442308 0.6634620258855586 0.5680696814903846 0.6712468998637602 0.5587411838942308 0.6742324489100817 0.5405256298076924 0.6706273453678474 0.5243523533653847 0.6762078528610355 0.5030272992788462 0.6720056376021798 0.4904971334134615 0.6716958603542235 0.47330271754807696 0.6664026852861036 0.4737902439903846 0.6568264816076295 0.49404807572115383 0.6340046396457766 0.5213951442307693 0.6328946777929155 0.5474304002403846 0.6388907377384196 0.565309454326923 0.6376965177111718 0.5725956754807693 0.6469853896457766 0.5731753737980769
0 0.7055283583106267 0.4017061033653846 0.7042685783378747 0.3969939399038462 0.6984554666212535 0.3972945745192308 0.6933214216621253 0.40309905168269233 0.688922991825613 0.4135340540865385 0.6649032016348774 0.4379593762019231 0.6602283773841962 0.4468118185096154 0.6595743024523161 0.4621537908653846 0.6630495851498638 0.46463496634615387 0.6623173310626703 0.4955049639423077 0.6695191607629427 0.49555598557692304 0.6723225626702997 0.5060420084134616 0.6772816723433243 0.4977042091346154 0.6831035565395095 0.49931537740384613 0.6861220388283379 0.49044052283653844 0.6944017247956403 0.4810796310096154 0.6992303174386921 0.43192286298076926 0.7054177207084469 0.4043012079326923 0.7055283583106267 0.4017061033653846
0 0.7067446416893733 0.44926283533653844 0.7149608957765669 0.4514702487980769 0.7163219216621253 0.45780786177884614 0.7203054277929156 0.45760184735576925 0.7294321403269755 0.4451302620192308 0.731046423705722 0.40726565625 0.7308848474114441 0.40619927043269227 0.7311732738419618 0.40429024759615384 0.7332781907356948 0.35491735697115384 0.7307574032697548 0.3492752403846154 0.7023185115803814 0.39485421153846156 0.7039493821525885 0.4430063858173077 0.7067446416893733 0.44926283533653844
0 0.7496874598092643 0.3245446586538462 0.7299733494550409 0.3491445733173077 0.7303363767029972 0.3862095432692308 0.7368934652588556 0.4008061574519231 0.7452264066757494 0.3992132788461538 0.7459664713896458 0.4008607235576923 0.7605650953678473 0.4001057307692308 0.7635341723433243 0.3924233329326923 0.7645710163487738 0.36810312259615385 0.7624659863760218 0.3610477800480769 0.764983363760218 0.30622360216346156 0.7621731825613078 0.29996790865384615 0.7496874598092643 0.3245446586538462
0 0.5213002697547684 0.6597359651442307 0.5239518147138964 0.6545536105769231 0.525000529972752 0.6299549639423077 0.5161603835149864 0.6163324747596154 0.5148754114441416 0.6054816009615385 0.49412320231607626 0.5797863161057693 0.4898614141689373 0.6053754795673076 0.48150914782016346 0.6228132223557693 0.4817661628065395 0.6601707644230769 0.49073951294277934 0.6743681346153847 0.49598645640326977 0.6746916550480768 0.49802119482288826 0.6847304759615385 0.5003210626702997 0.6846115336538462 0.5056879489100817 0.6774441670673077 0.5110292493188011 0.6840577415865384 0.5121689448228883 0.6839988004807692 0.5157535095367848 0.6744742548076924 0.5225852418256131 0.6705868377403846 0.5213002697547684 0.6597359651442307
0 0.5402791539509537 0.5599828725961539 0.5397725524523161 0.5217021610576923 0.5341769332425068 0.5098021550480769 0.5253055871934604 0.5193455961538461 0.5155177574931881 0.5418213221153846 0.5084597009536785 0.5464275072115384 0.5012065415531335 0.5661765336538461 0.5094925803814714 0.6020616201923077 0.5169014897820163 0.6090243689903846 0.5175778228882834 0.6150538725961538 0.5242595708446867 0.6147083149038461 0.5326357895095368 0.6100175853365385 0.5433204257493188 0.5955368870192308 0.5434474679836513 0.5947052451923077 0.5440700749318801 0.5801013846153846 0.5402791539509537 0.5599828725961539
0 0.5511917922343325 0.44948271514423077 0.5457792895095368 0.4652738870192307 0.5406701975476839 0.49831421995192304 0.5355847513623978 0.5088728401442307 0.5353452220708447 0.5144912403846154 0.5355611049046322 0.5313545504807693 0.5505658290190736 0.555581623798077 0.5587889584468665 0.5497247199519231 0.5616232506811989 0.5550563497596154 0.5645122970027249 0.5511610456730769 0.566622833106267 0.5404698870192308 0.5727901811989101 0.5360772067307692 0.5728449359673025 0.5268502716346154 0.578233773160763 0.5156617367788462 0.5762874993188011 0.49867209375 0.5521871737057221 0.4494312379807692 0.5511917922343325 0.44948271514423077
0 0.6040863542234333 0.4600705216346154 0.6007860878746594 0.45239404807692307 0.59972881880109 0.43779701442307695 0.5920041416893733 0.4167948389423077 0.590946871253406 0.40219780769230773 0.5874810108991826 0.3971706081730769 0.5827618453678474 0.40338897355769227 0.5766913589918256 0.4337742043269231 0.5677816634877384 0.4535094543269231 0.5714138256130791 0.4751072115384615 0.581449075613079 0.49946085456730765 0.5889225129427793 0.5053547307692308 0.5941079053133514 0.5050865588942307 0.5942552513623979 0.5049726189903846 0.6010206737057221 0.49845646153846157 0.6025988801089918 0.4949606838942308 0.6040863542234333 0.4600705216346154