0 0.46745075068870523 1 0.44554746212121216 0.9565344890776699 0.441372314738292 0.9546324053398059 0.4340828402203857 0.9662800485436893 0.4256084593663912 0.9680325485436894 0.42261821900826446 0.9760256080097087 0.4196279779614325 0.9840186674757281 0.42224596143250687 0.9926956140776699 0.4165136515151515 0.9975683956310679 0.4193981659779614 1 0.46745075068870523 1
0 0.491773782369146 0.9519873143203883 0.47362181680440774 0.9201988665048544 0.47196274311294767 0.9189223300970873 0.45546046143250685 0.9390140182038835 0.45359940495867773 0.9467111334951456 0.4560755902203857 0.9543209138349514 0.45266063154269975 0.9641971699029126 0.4615878808539945 0.986539515776699 0.4781139511019284 0.9914923398058253 0.48507381818181816 0.9874174890776699 0.5031376997245178 0.9970962961165049 0.5108664717630854 0.9953844368932039 0.491773782369146 0.9519873143203883
0 0.5112538195592287 0.9614283058252426 0.5163584104683195 0.955130036407767 0.5336568657024794 0.9582594453883495 0.5422464579889807 0.9553032208737864 0.5429424077134987 0.9524248507281554 0.5359967947658402 0.9370175873786407 0.5027474696969697 0.8985048009708738 0.49842285674931125 0.8977224502427185 0.48271909779614325 0.9201575618932039 0.48066297451790635 0.9288127487864078 0.4842076115702479 0.9366757220873786 0.48342763567493113 0.9437563422330096 0.4898865606060606 0.9552772354368932 0.4982728140495868 0.9617298519417476 0.5112538195592287 0.9614283058252426
0 0.5168304483471075 0.9009498082524272 0.5126309931129477 0.9183182754854369 0.5210957107438017 0.9368173349514564 0.5380927141873278 0.9498952997572815 0.538416041322314 0.9499640327669903 0.5535250433884297 0.9418075618932039 0.5660478836088154 0.9444696759708738 0.5715152451790634 0.9399477524271844 0.5548557685950414 0.9117748361650485 0.5485943477961432 0.9104437803398059 0.5287209896694215 0.8834823810679611 0.5168304483471075 0.9009498082524272
0 0.574990123278237 0.8628114866504855 0.5651915179063361 0.8552721686893204 0.5513946411845729 0.8705641019417476 0.5506654889807162 0.8735797949029126 0.5498936219008265 0.8882564453883496 0.5586714517906336 0.9137905097087379 0.5752487561983471 0.9178569915048543 0.5926726274104683 0.9145737075242719 0.6027688904958678 0.9194120643203884 0.606432694214876 0.9153512427184466 0.5988275495867769 0.8981346213592234 0.574990123278237 0.8628114866504855
0 0.5913323636363637 0.8414833895631068 0.5873224579889806 0.8407923749999999 0.5819847458677686 0.8628685449029126 0.583107085399449 0.8796751735436893 0.6032839421487604 0.8951998046116505 0.6056946143250689 0.8951906274271845 0.6301224752066116 0.9152126286407768 0.6235277217630855 0.8856138240291263 0.6147584001377411 0.8695552075242718 0.6079927279614324 0.8373969635922329 0.6046217355371901 0.833021067961165 0.5940196845730027 0.8356215230582524 0.5913323636363637 0.8414833895631068
0 0.3019335826446281 0.9530197742718446 0.30822305440771347 0.9682556492718447 0.31414345867768595 0.9738727378640777 0.3309018168044077 0.9752075400485437 0.33761636157024794 0.9696612766990291 0.36029512258953167 0.9766131674757281 0.3637847520661157 0.9719794781553397 0.3413223505509642 0.9175656334951456 0.32827007713498624 0.8946346747572816 0.32809431129476585 0.8944994344660194 0.32202886157024796 0.8926401480582524 0.316212814738292 0.9003629660194175 0.31452017699724516 0.9093497645631068 0.30690713636363637 0.912719474514563 0.3063777093663912 0.9201617087378641 0.3021670826446281 0.9257527742718447 0.30010727548209365 0.9342719029126214 0.30003223484848485 0.9353267621359224 0.30505414118457297 0.9387672961165049 0.3019335826446281 0.9530197742718446
0 0.37350738154269975 0.9339335703883496 0.39480748898071627 0.9609716516990291 0.3988064862258953 0.9600459186893204 0.3948353636363636 0.928996322815534 0.3875872679063361 0.9045178398058253 0.3830571983471075 0.8690979223300972 0.3686468739669421 0.8580102196601941 0.3667870909090909 0.859926458737864 0.3594000743801653 0.8558239660194175 0.3554523044077135 0.8617154199029126 0.35314124655647383 0.8712736941747573 0.35429017079889813 0.880256958737864 0.350301326446281 0.8830192791262136 0.348800991046832 0.8892244939320388 0.35292929683195595 0.9125408665048543 0.3664813760330578 0.9326537682038835 0.37350738154269975 0.9339335703883496
0 0.42840411363636366 0.9325895133495146 0.43569645867768597 0.9384167402912622 0.43446754338842974 0.9079810691747573 0.4276952245179063 0.8800775024271844 0.4285504090909091 0.8663017997572815 0.4245572603305785 0.8439560084951456 0.41097870041322315 0.8335082900485437 0.4031754965564739 0.8321014563106797 0.39633003030303027 0.8373417475728155 0.3968886280991735 0.8511761419902912 0.39073745454545455 0.853363 0.390379696969697 0.8548426432038836 0.39309416184573004 0.8620675776699029 0.3924624187327823 0.8813770376213592 0.40466642286501375 0.9039816201456311 0.4162001095041322 0.9099849296116505 0.42840411363636366 0.9325895133495146
0 0.42945137121212124 0.8431652803398059 0.4363383684573003 0.8673700849514563 0.4516953023415978 0.8801305084951456 0.4618210337465564 0.8762227111650486 0.48183295523415975 0.8887439016990292 0.48471522727272726 0.886811109223301 0.4853932162534435 0.8840070242718446 0.4779451515151515 0.8567632815533981 0.4710824393939394 0.8469537330097087 0.4618312093663912 0.8195442597087379 0.4489697341597796 0.8096482851941748 0.4488385082644628 0.8099885048543689 0.43952853099173556 0.8104669672330097 0.4378970227272727 0.817325640776699 0.43105859504132227 0.8219113495145631 0.4338182506887052 0.834472322815534 0.42945137121212124 0.8431652803398059
0 0.5212014414600551 0.8535089381067962 0.5247882451790633 0.8497778483009709 0.5179142741046832 0.8275615315533981 0.49656089325068875 0.7943032487864078 0.4951007169421488 0.7907240983009708 0.4825945750688705 0.7811015266990291 0.48208148553719005 0.7832612839805825 0.46955598898071627 0.7962906310679612 0.4679314841597796 0.803009395631068 0.47078936501377405 0.8080595533980584 0.4694938829201102 0.8191960788834951 0.4778954049586777 0.8463493567961166 0.49204286570247935 0.8512106674757282 0.5011758512396695 0.8449732754854369 0.5094451831955923 0.846160234223301 0.5212014414600551 0.8535089381067962
0 0.5135882252066115 0.778216682038835 0.5102274965564738 0.7978176177184465 0.5155931769972452 0.8194240097087379 0.5207530661157025 0.8269481796116505 0.5417724090909091 0.8254403725728156 0.5651765013774105 0.8335354077669903 0.5666656632231405 0.8324199769417475 0.56790957369146 0.8272753046116504 0.554846129476584 0.7985640910194174 0.5488948581267218 0.7944799648058252 0.546510111570248 0.784877125 0.5393664669421487 0.7759915788834951 0.537927582644628 0.7719122014563107 0.5294777892561984 0.765410697815534 0.5274639256198347 0.7678233288834951 0.5193337031680441 0.7682185849514563 0.5197346921487603 0.7764600509708738 0.5135882252066115 0.778216682038835
0 0.5776836838842975 0.8016341419902913 0.5917630826446281 0.8184367584951456 0.5975586611570248 0.8203448046116505 0.5978182926997245 0.8192709939320388 0.5960473904958677 0.7999952827669903 0.5863399063360881 0.7699031213592233 0.5860770902203857 0.7544473264563106 0.5824884435261708 0.7451435 0.5713640013774105 0.7365840473300971 0.558268714876033 0.7414498167475728 0.5508799862258953 0.7575884684466019 0.5528483216253444 0.7832115570388349 0.5607188780991735 0.7954085279126213 0.5776836838842975 0.8016341419902913
0 0.6132948732782368 0.7369751213592234 0.610851902892562 0.7218394769417477 0.5975574276859504 0.7116103410194176 0.5884785247933885 0.7125187512135922 0.5819508725895317 0.7293355449029126 0.5863644449035812 0.7585273058252427 0.592770305785124 0.7686621237864079 0.6093102961432507 0.775089004854369 0.6234544517906336 0.7925313762135922 0.6294567651515152 0.7946247451456311 0.6306546831955923 0.7891169987864077 0.6269136900826446 0.7733276565533981 0.6132948732782368 0.7369751213592234
0 0.34681470041322315 0.8313785873786408 0.3265911949035813 0.7763052669902912 0.3094338622589532 0.7511055873786409 0.30386441597796143 0.7549187111650485 0.2997995812672176 0.7669383179611651 0.29411129958677684 0.7683305995145632 0.2877951349862259 0.7944535315533982 0.29022225206611574 0.7962317233009708 0.2849878987603306 0.8097625509708737 0.2900010626721763 0.8134353737864078 0.2961178360881543 0.8287500509708737 0.30448759366391187 0.8351899745145631 0.3074365371900826 0.8348920800970873 0.31128018250688705 0.8400761237864077 0.324758108815427 0.8294274356796116 0.33712346900826445 0.8337506444174757 0.34681470041322315 0.8313785873786408
0 0.34311617975206615 0.7559779696601941 0.3467121308539945 0.7625442742718447 0.34412016666666667 0.7708499793689321 0.34771611914600553 0.7774162827669903 0.34667113429752067 0.7852871371359224 0.35662233471074384 0.7925927050970875 0.35684123553719005 0.7958352791262137 0.35918121556473825 0.7976357245145631 0.3727614511019284 0.798158870145631 0.38956989187327823 0.8136397099514563 0.3956351818181818 0.8143452487864078 0.3958600716253443 0.8134151286407767 0.39374983195592284 0.7821562912621359 0.3821663168044077 0.7273211783980582 0.37564373691460057 0.7241032451456311 0.36669652479338843 0.7316696820388349 0.35862696831955926 0.7288865995145631 0.3575819820936639 0.7367574538834951 0.3512267355371901 0.7360181905339805 0.34830010743801654 0.7393665582524271 0.35068374311294764 0.7513250473300972 0.34311617975206615 0.7559779696601941
0 0.41883939187327823 0.7589620873786408 0.43103228512396696 0.7487137730582525 0.44671631611570245 0.7520432730582525 0.4557948533057851 0.7463178725728155 0.4476421893939394 0.7245915533980583 0.439998576446281 0.7170442924757282 0.4299631783746557 0.6954778240291262 0.40929879889807164 0.6795780800970874 0.4024218209366391 0.6895653725728155 0.40098689876033056 0.7028380327669903 0.399344120523416 0.7020720691747573 0.3975436329201102 0.7095186796116504 0.40149594765840224 0.717017088592233 0.39721120385674935 0.7269693179611652 0.4020049958677686 0.7311961480582524 0.41106351033057853 0.7553365012135923 0.4170276887052342 0.7541340182038835 0.41883939187327823 0.7589620873786408
0 0.4782962747933884 0.6898353713592233 0.47480518112947656 0.6691494660194174 0.4692454407713499 0.6634588725728156 0.4597638064738292 0.6708667342233009 0.4560573133608815 0.6670730060679612 0.45169903374655646 0.6775857220873787 0.44985841597796145 0.6776369126213592 0.4473359070247934 0.6880697220873787 0.44777713980716255 0.690684172330097 0.4457558257575757 0.6946047572815535 0.4434545640495868 0.7041225133495146 0.44614487947658404 0.7082652281553398 0.44865386157024795 0.7231317900485437 0.46601145454545456 0.7364872038834951 0.47209033402203854 0.7348213203883495 0.4986875743801653 0.7470709696601943 0.49476009573002755 0.7237993252427185 0.4782962747933884 0.6898353713592233
0 0.5114595151515152 0.683687177184466 0.5240591990358127 0.6906665351941748 0.5323755509641873 0.6878162961165049 0.5561888601928374 0.7022500533980582 0.5535442348484848 0.6833856140776698 0.5457331776859504 0.6691162597087379 0.5442219628099173 0.6583365800970874 0.5364109056473829 0.6440672245145631 0.5306163601928375 0.6234579466019416 0.5295575647382921 0.6221254186893204 0.5256371659779614 0.6191089550970874 0.5170084201101929 0.6196485473300971 0.5125975977961432 0.6296334660194175 0.5084731432506887 0.6290799490291262 0.5060463016528925 0.6391170873786408 0.5057924593663912 0.6432633847087379 0.5047759139118457 0.6443712682038835 0.5034239834710744 0.6499626953883495 0.5059176163911846 0.6545181031553398 0.5064205757575757 0.6684677415048543 0.5114595151515152 0.683687177184466
0 0.5597520895316804 0.6558283980582524 0.6035384152892561 0.6674109417475728 0.6039031439393939 0.6659024635922329 0.5997919297520661 0.645832245145631 0.5856335482093664 0.6188599053398058 0.5813279400826447 0.5995967876213592 0.5700883746556474 0.5947760412621359 0.5623884056473829 0.5966983762135922 0.5626948106060606 0.601706390776699 0.5563816329201102 0.6007402524271844 0.5496008787878788 0.617686629854369 0.5546725 0.6494697815533981 0.5597520895316804 0.6558283980582524
0 0.6026751570247935 0.5904503118932038 0.6009988009641873 0.5815298385922331 0.5909052252066116 0.5737635631067961 0.5880987017906336 0.5739902924757282 0.5825594380165289 0.5827054150485437 0.5779175192837466 0.582636063106796 0.5756760757575757 0.5919064199029126 0.576218409090909 0.594792359223301 0.5966980888429751 0.6350271747572815 0.6293496797520661 0.6483734405339806 0.629641300275482 0.6422869563106797 0.6239566019283747 0.6273133046116505 0.6026751570247935 0.5904503118932038
0 0.330700608815427 0.6477758580097087 0.3247226825068871 0.6425563980582524 0.3065789476584022 0.608292822815534 0.2980990413223141 0.6061522184466019 0.2935820606060606 0.6179985157766991 0.2898290888429752 0.6226168009708738 0.2834691584022039 0.6210113458737864 0.28107215426997245 0.6333927985436894 0.27598351515151515 0.6369306444174758 0.27431851101928373 0.643816911407767 0.2791621336088154 0.6514628361650485 0.27339416253443527 0.6648485643203883 0.2785031026170799 0.6679934466019417 0.2841682603305785 0.6815181917475729 0.2938746652892562 0.688986567961165 0.2960548780991736 0.6872658373786408 0.30415278099173554 0.693020452669903 0.32090264049586775 0.6786964745145632 0.33987745454545454 0.6742102402912621 0.330700608815427 0.6477758580097087
0 0.38305470041322315 0.6173651213592233 0.379104717630854 0.6146553240291261 0.36385651928374657 0.5733967317961165 0.35505250482093664 0.5676646128640777 0.35258971694214875 0.5745739623786408 0.34047983953168043 0.5782069793689321 0.3382449173553719 0.5886144902912621 0.33425025757575755 0.589812906553398 0.3320555041322314 0.5988901553398058 0.33526502134986225 0.6024911699029126 0.32858037878787877 0.6132628762135922 0.32845288842975207 0.6137901638349514 0.33290013223140497 0.61877988592233 0.3370391687327824 0.6399069296116505 0.35028349862258956 0.6500974830097088 0.3595450991735537 0.6529800424757282 0.36573000413223145 0.6452823300970874 0.39179478305785126 0.6452523968446603 0.38305470041322315 0.6173651213592233
0 0.42098756680440774 0.6174458895631069 0.4352507961432507 0.6057725145631068 0.46024627617079894 0.602042797330097 0.45994086501377407 0.5959857803398059 0.4332682968319559 0.5536486395631068 0.4308796019283747 0.5461998652912622 0.41806173278236913 0.536337442961165 0.4165564180440771 0.5423723628640776 0.4076619917355372 0.5452643167475728 0.40627960743801655 0.556267484223301 0.4015375289256199 0.5585443313106796 0.40094507851239664 0.5609946383495146 0.4024432183195592 0.5698274987864078 0.3986068292011019 0.5833875145631068 0.40335945385674926 0.587998557038835 0.4110215220385675 0.6118915279126214 0.42098756680440774 0.6174458895631069
0 0.45490368112947654 0.5466085121359223 0.45618390977961437 0.5564907669902912 0.4511184703856749 0.5692148446601941 0.46076788567493115 0.5827294927184467 0.46219712121212125 0.5915329733009709 0.4653154139118457 0.5939322730582525 0.46765049793388425 0.5931779745145631 0.47105784297520664 0.5983506577669903 0.47111061983471075 0.5983912657766991 0.4894543050964187 0.5877186820388349 0.5150031260330579 0.5801844902912622 0.5162420110192837 0.5750606031553398 0.5128822458677685 0.5643110764563106 0.504513061983471 0.5606786844660194 0.49628143939393937 0.5459140631067961 0.4900045509641874 0.5431897682038835 0.4825162148760331 0.5250171031553398 0.4783316212121212 0.523200906553398 0.4690815895316804 0.5341087864077669 0.4648969972451791 0.5322925898058253 0.46124934986225896 0.5437666929611651 0.45490368112947654 0.5466085121359223
0 0.5302342293388429 0.5640311589805825 0.5393575151515152 0.5677385849514563 0.5582373064738292 0.5831353288834952 0.560715541322314 0.5772761177184466 0.5579989125344352 0.5615813033980582 0.549692597107438 0.5496230121359224 0.5471870406336088 0.5365888264563107 0.5384585805785124 0.5193092718446602 0.5355308787878788 0.5009538240291262 0.5350469538567494 0.5002571359223301 0.530786856060606 0.49697929854368933 0.5251684758953168 0.5001760036407767 0.5218459490358127 0.49539268689320387 0.5166784077134986 0.5044504745145632 0.5106665757575758 0.5028657342233009 0.5068020592286501 0.5140428507281554 0.5049002438016529 0.5219085412621359 0.5086651308539945 0.5518329927184467 0.5124098037190082 0.5619375740291263 0.5231943519283746 0.5680366565533981 0.5302342293388429 0.5640311589805825
0 0.2807828849862259 0.463723484223301 0.2748620096418733 0.46662872087378643 0.2730239573002755 0.47150417597087374 0.2780584015151515 0.48161684466019417 0.27125109228650135 0.4975399878640777 0.27866848415977963 0.49919853155339805 0.2783269476584022 0.5086377657766991 0.28506126721763086 0.5291747791262136 0.2943167100550964 0.5259578677184465 0.29989605096418737 0.5324918652912621 0.3200416274104683 0.5153220291262136 0.33602530027548205 0.5105531808252427 0.33660028925619834 0.5081750910194175 0.3290285220385675 0.4850841953883495 0.3214077699724518 0.4775650898058253 0.31895963636363633 0.4648588580097087 0.31082383815426995 0.4485165084951456 0.3005397355371901 0.44060363470873787 0.2986836873278237 0.43970797572815534 0.29371443112947654 0.4507556650485437 0.28629703925619837 0.4490971225728156 0.28241757575757576 0.4529874672330097 0.2807828849862259 0.463723484223301
0 0.2585799180440771 0.3289767330097087 0.25629819834710743 0.3374132669902912 0.25971305234159775 0.3453428240291262 0.2596108966942149 0.3645633398058252 0.26692047038567496 0.36665730097087373 0.2705241797520661 0.3773145388349514 0.28105975137741046 0.3846103737864078 0.28495447038567495 0.3787747766990291 0.30935376721763086 0.37934780461165046 0.31163548829201104 0.37091127063106794 0.3068986453168044 0.3438879429611651 0.30367264807162536 0.33868606917475724 0.2981803829201102 0.30075201213592234 0.29503015909090907 0.29567232160194173 0.2892845950413223 0.2912515266990291 0.28194823829201104 0.2939631541262136 0.27549624104683196 0.28355940533980584 0.2712238106060606 0.2839396395631068 0.2691309449035813 0.29510385315533977 0.2622352486225895 0.293550640776699 0.26075229132231403 0.2996839830097087 0.26257679338842976 0.30392062135922326 0.25791292355371903 0.3114272851941748 0.2553203636363636 0.32214981674757287 0.2585799180440771 0.3289767330097087
0 0.3082196157024793 0.3312918276699029 0.31351841184573 0.3338092730582524 0.31650710261707987 0.3447530788834951 0.3209385 0.3453932123786408 0.3226920929752066 0.355447411407767 0.3274801680440771 0.3591314890776699 0.34656507713498624 0.35610313228155344 0.3596615847107438 0.3352188106796117 0.368367173553719 0.3267607233009709 0.3724678140495868 0.3098009393203883 0.3648571012396694 0.3061851067961165 0.3544483230027548 0.28365736165048544 0.348282129476584 0.2792626031553398 0.33277224035812675 0.2770221347087379 0.3268981370523416 0.2866856735436893 0.31620614049586776 0.2903972063106796 0.3156308319559229 0.30257819174757283 0.3085028347107438 0.30505254611650484 0.31283982575757574 0.31443910800970876 0.3082196157024793 0.3312918276699029
0 0.37767646694214874 0.32918262621359223 0.39407909779614325 0.3170344854368932 0.4105220847107438 0.31583968810679613 0.41154269283746553 0.3017129162621359 0.39677381542699725 0.2720608701456311 0.39277599931129475 0.25448787378640775 0.3878458064738292 0.24895898058252428 0.37956335537190083 0.24258623422330094 0.3655619504132232 0.2436036177184466 0.3652351997245179 0.25196365533980586 0.3591558119834711 0.25169086286407766 0.3581939056473829 0.2531414550970874 0.3572415220385675 0.2570804041262136 0.3591961687327823 0.26264420509708736 0.3560132761707989 0.27216449514563107 0.3600514490358127 0.30069083131067964 0.36943479614325064 0.32430335194174753 0.37767646694214874 0.32918262621359223
0 0.4356013601928374 0.270912984223301 0.42980471074380167 0.25915670873786406 0.41908855096418735 0.2578701650485437 0.4141690406336089 0.2683398968446602 0.4065622196969697 0.2692700436893204 0.40592917424242425 0.2802543932038835 0.40229889049586776 0.28335643932038834 0.40001599104683194 0.29279825485436894 0.41239194696969694 0.31789812500000003 0.41196991528925614 0.3252210254854369 0.41291560055096416 0.3279761480582524 0.42871881749311297 0.3401355800970874 0.42944883333333334 0.34022322208737865 0.4506370606060606 0.30958595024271846 0.45963201928374653 0.3032922851941748 0.46572865426997245 0.2911204830097087 0.4568226652892562 0.2771475182038835 0.4356013601928374 0.270912984223301
0 0.4552182300275482 0.22083233252427187 0.4580972245179063 0.2333048276699029 0.453980497245179 0.2483215995145631 0.45777495592286505 0.2516195400485437 0.464934185261708 0.2826350376213592 0.47442033333333333 0.29087989077669907 0.49783162603305786 0.27403811407766987 0.5113270805785124 0.2733710995145631 0.5139083815426997 0.26576996844660195 0.5140097472451791 0.26535073300970874 0.5065542610192838 0.25269410072815535 0.5029746466942149 0.23718635315533979 0.4908872431129477 0.23081280825242717 0.4894296749311295 0.2262468410194175 0.4689091673553719 0.21045779490291264 0.46812048622589536 0.21102516019417478 0.46302539876033055 0.208662875 0.46351457851239675 0.21735240412621357 0.45534752961432506 0.22029756553398058 0.4552182300275482 0.22083233252427187
0 0.5088514035812672 0.27159008009708735 0.5101519428374656 0.2780277912621359 0.516251032369146 0.2827205995145631 0.5203752376033057 0.2839418968446602 0.5470014214876033 0.2755734733009709 0.553461673553719 0.2791118677184466 0.5601842031680441 0.27762596601941747 0.5635406983471074 0.26374388349514566 0.5507546522038568 0.24742911529126213 0.5336430977961433 0.21148075849514564 0.5242147892561984 0.2135647245145631 0.519325920798898 0.20967900606796117 0.5148738367768595 0.21811254490291263 0.5085009421487604 0.21703800242718446 0.5089377252066115 0.2293572645631068 0.5029142568870524 0.23813813106796117 0.5117321033057851 0.2635038677184466 0.5088514035812672 0.27159008009708735
0 0.5351141081267218 0.2361793131067961 0.5553099882920111 0.25171858009708736 0.5653016163911846 0.25543575121359224 0.5990385523415979 0.21698912742718446 0.6000440323691459 0.21283057766990293 0.5982071280991735 0.20908005218446601 0.5829397438016529 0.20734421237864079 0.5810838174931129 0.2035548495145631 0.5676723595041322 0.2056083713592233 0.5511993064738292 0.1930003944174757 0.5336560227272727 0.21605425606796116 0.5328435730027548 0.21872502669902913 0.5322043257575757 0.22136887985436896 0.5361147844352617 0.22527968689320388 0.5351141081267218 0.2361793131067961
0 0.6392869180440771 0.19749006796116506 0.6399712210743801 0.19465986529126214 0.6389340385674931 0.1895246650485437 0.6105419187327823 0.1641462827669903 0.6105398815426998 0.16414016626213593 0.5881932107438017 0.14694601941747573 0.5857313567493113 0.15650057888349517 0.5824573925619835 0.15565003519417475 0.5812108298898072 0.15798509344660194 0.5804193312672177 0.16091858373786408 0.5822533347107438 0.1699989308252427 0.5768825034435261 0.18180539199029128 0.5804640626721763 0.1995380703883495 0.5985226377410469 0.21983158131067962 0.6214906515151515 0.20299542839805826 0.6392869180440771 0.19749006796116506
0 0.34533461983471075 0.494001036407767 0.3535474917355372 0.5100114550970873 0.3747386370523416 0.509349927184466 0.3844780964187328 0.4935184878640777 0.39891391322314046 0.48493444174757283 0.38396872865013776 0.44769158495145633 0.3777918133608816 0.4456662111650485 0.37129665220385677 0.4326636189320388 0.36145120454545454 0.4250882584951456 0.36046392630853996 0.424764536407767 0.3530841535812672 0.437564713592233 0.34690723829201103 0.43553933737864076 0.34482525137741044 0.4481741334951456 0.33968158195592285 0.4547817123786408 0.3392510695592287 0.45656226092233015 0.34332167837465566 0.4667060716019418 0.33800087672176304 0.48018137378640774 0.34505692079889805 0.48439750485436894 0.34533461983471075 0.494001036407767
0 0.39265270523415974 0.49289592597087384 0.4042676046831956 0.5018327499999999 0.4079034139118457 0.5027111966019417 0.41540969077134987 0.4966141966019418 0.43228085055096416 0.49843026334951457 0.44131707506887047 0.4940809817961165 0.4430945702479339 0.48672946359223307 0.4429279207988981 0.47840101456310674 0.42795848622589533 0.453312661407767 0.4217343987603306 0.43146734951456306 0.41611546900826446 0.42671951092233007 0.40173682093663915 0.4311560788834951 0.38985068250688704 0.4418452815533981 0.38703403099173556 0.445685088592233 0.3895265406336088 0.4519377233009709 0.38638574931129477 0.46586996966019417 0.39265270523415974 0.49289592597087384
0 0.45557035330578516 0.46194698300970877 0.4728934814049587 0.46234685315533985 0.48153342630853996 0.4562813167475728 0.45644558815427 0.4012878410194175 0.43900468732782366 0.38786832888349515 0.43738145385674926 0.3899274453883495 0.43242272314049585 0.38712799514563107 0.4306037369146006 0.39782596116504854 0.4282210544077135 0.3981541541262136 0.42566176308539944 0.4087390910194175 0.42631619628099177 0.41025693567961163 0.42389088085399446 0.42452088834951457 0.4382472258953168 0.4615471140776699 0.4500269132231405 0.4689789915048544 0.45557035330578516 0.46194698300970877
0 0.5182016404958677 0.4186474466019417 0.5104456921487603 0.41324500485436894 0.5001378574380165 0.3940228276699029 0.4923819104683196 0.3886203834951456 0.4888609827823691 0.38110148786407766 0.4746716108815427 0.3701837936893204 0.4674815296143251 0.37729700242718445 0.46699925068870524 0.37848177669902916 0.4621592190082645 0.39849959708737864 0.46425174724517904 0.4131809247572815 0.47605653925619834 0.4374598810679612 0.4872484325068871 0.4492697184466019 0.499153511707989 0.4374919211165048 0.516433523415978 0.4334721274271845 0.520447076446281 0.4262326177184466 0.5182016404958677 0.4186474466019417